0.0001	422.70791666065344
0.00010139254075588153	428.39394218689046
0.00010280447320933097	434.15636814283215
0.00010423606739764012	439.99621797123893
0.0001056875971184804	445.91452849933165
0.00010715933998226712	451.9123496120036
0.00010865157746525384	457.99074500794893
0.0001101645949633657	464.1507925120208
0.00011169868184678226	470.3935842608291
0.00011325413151528115	476.72022689074987
0.00011483124145435111	483.13184172835804
0.00011643031329208767	489.62956498333796
0.00011805165285688056	496.2145479438761
0.00011969557023590428	502.88795717459345
0.00012136237983442405	509.6509747170334
0.00012305240043592616	516.5047982927392
0.00012476595526308696	523.450641508962
0.00012650337203959038	530.4897340670233
0.000128264983052806	537.6233219733737
0.00013005112521734084	544.8526677533787
0.00013186214013947485	552.1790506327804
0.00013369837418249466	559.6037657974508
0.0001355601785329369	567.1281244389352
0.00013744790926775366	574.7534549747309
0.0001393619274224142	582.4811033279798
0.00014130259905995336	590.3124331542244
0.0001432702953409831	598.2488260710252
0.00014526539259467812	606.2916818904903
0.00014728827239075018	614.4424188547334
0.00014933932161242518	622.7024738743117
0.0001514189325304352	631.0733027696717
0.00015352750287804228	639.5563805156468
0.00015566543592710622	648.1532014890345
0.0001578331405652118	656.8652797192974
0.00016003103137387001	665.6941491424249
0.0001622595287078087	674.6413638580021
0.00016451905877536624	683.7084983894995
0.0001668100537200059	692.8971475849149
0.00016913295170296487	702.2089245969356
0.00017148819698705392	711.6454624807352
0.00017387624002162505	721.2084155555665
0.00017629753752872057	730.8994596788013
0.00017875255259042355	740.7202925186517
0.00018124175473742377	750.6726338302066
0.00018376562003881704	760.7582257348275
0.00018632463119315598	770.9788330029306
0.00018891927762076664	781.3362433402075
0.0001915500555573528	791.832267677316
0.00019421746814890265	802.468740463074
0.00019692202554791714	813.2475199612178
0.00019966424501097934	824.1704885507398
0.00020244465099768038	835.2395530298654
0.00020526377527092522	846.4566449237018
0.00020812215699863394	857.8237207904796
0.00021102034285685965	869.342760595391
0.00021395888713434216	881.0157649481062
0.00021693835183851843	892.8447593150452
0.0002199593068030075	904.8317950580804
0.00022302232979659386	916.9789497509998
0.00022612800663372796	929.2883274995598
0.00022927693128656486	941.7620592651876
0.0002324697059985648	954.4023031923676
0.00023570694139967278	967.2112449397284
0.00023898925662310503	980.1910980148905
0.00024231727942376007	993.3441041131006
0.00024569164629827903	1006.6725334597074
0.00024911300260677886	1020.1786851564763
0.0002525820026962785	1033.864887531842
0.00025609931002584595	1047.7334984950724
0.00025966559729348725	1061.7869058944468
0.000263281546564802	1076.027527586937
0.0002669478494034321	1090.4578055827303
0.0002706652070033241	1105.080206154088
0.0002744343303228365	1119.897225995833
0.0002782559402207126	1134.9113928346767
0.0002821307675939471	1150.1252657871446
0.0002860595535175742	1165.5414357211089
0.0002900430493863992	1181.1625256209652
0.00029408201705870637	1196.991190956469
0.00029817722900196735	1213.030120055315
0.0003023294684405776	1229.2820344794104
0.0003065395295056527	1245.7496894049182
0.00031080821738690636	1262.4358740060754
0.00031513634848664794	1279.3434118428495
0.00031952475057592136	1296.4751612523862
0.00032397426295281955	1313.8340157444063
0.00032848573660300434	1331.4229044004085
0.0003330600343624589	1349.244789950947
0.0003376980310825091	1367.302656980464
0.0003424006137971426	1385.599520454761
0.00034716868189265597	1404.1384313131953
0.0003520031472796679	1422.9224768574086
0.000356904934567523	1441.9547811332268
0.00036187498124112805	1461.238505315631
0.00036691423784024937	1480.77684809675
0.0003720236681413066	1500.5730460769214
0.00037720424934169976	1520.6303741588392
0.0003824569722466999	1540.9521459446776
0.00038778284145894574	1561.5417141363805
0.00039318287557057704	1582.4024709389696
0.00039865810735804387	1603.5378484669054
0.0004042095839796306	1624.9513191535893
0.0004098383671757261	1646.6463961638851
0.0004155455334718875	1668.626633758437
0.0004213321743847289	1690.8956180613643
0.00042719939663067764	1713.4569553574083
0.0004331483223376398	1736.3142898433568
0.0004391800892596086	1759.471306676357
0.0004452958509942655	1782.9317323438559
0.0004514967772036102	1806.6993350351277
0.00045778405383766163	1830.7779250142805
0.00046415888336127773	1855.1713549948029
0.00047062248498412813	1879.88352051554
0.0004771760948938746	1904.9183603181204
0.00048382096649259574	1930.2798567257435
0.0004905583706365045	1955.972036023344
0.0004973895958790063	1981.9989688390435
0.0005043159487171359	2008.3647705269032
0.0005113387538414326	2035.073601550875
0.0005184593543892913	2062.1296678699778
0.0005256791122018419	2089.537219995199
0.0005329994080844088	2117.300530935147
0.0005404216420705915	2145.423898507578
0.0005479472336900287	2173.91166444364
0.0005555776222398878	2202.768215331625
0.0005633142670601352	2231.9979829258186
0.0005711586478126435	2261.6054444541874
0.0005791122647641759	2291.5951229248026
0.0005871766390733255	2321.9715874310996
0.000595353313081437	2352.7394534555788
0.0006036438506075864	2383.9033831721936
0.0006120498372476703	2415.468085747005
0.0006205728806776501	2447.438317637254
0.0006292146109610344	2479.8188828886377
0.0006379766808606282	2512.6146334306804
0.0006468607661546328	2545.830469370145
0.0006558685659571436	2579.4713392823687
0.0006650018030431119	2613.542231992713
0.0006742622241778342	2648.0481397397702
0.0006836516004510238	2682.9940862947324
0.0006931717276155408	2718.3851413031794
0.0007028244264308353	2754.226420454524
0.0007126115430111746	2790.5230856380153
0.0007225349491787215	2827.2803450930346
0.000732596542821523	2864.503453553692
0.0007427982482564918	2902.197712387346
0.0007531420165974376	2940.3684697271046
0.0007636298261282241	2979.0211205979945
0.000774263682681127	3018.161107036598
0.0007850456200204509	3057.7939182041046
0.0007959777002314986	3097.9250904925393
0.0008070620141149507	3138.560207623898
0.000818300681586739	3179.7049007422
0.0008296958520834907	3221.3648482067106
0.0008412497049736118	3263.5457436242314
0.0008529644499741026	3306.2532647254275
0.0008648423275731727	3349.493125009001
0.0008768856094587427	3393.271080227886
0.0008890965989529158	3437.5929282644624
0.0009014776314524918	3482.4645089934693
0.0009140310748756232	3527.8917041326436
0.0009267593301146883	3573.8804370805115
0.000939664831495469	3620.436672741301
0.000952750047242729	3667.5664173366563
0.0009660174799522646	3715.2757182038486
0.0009794696670695395	3763.570663580315
0.00099310918137498	3812.4573823741434
0.001006938631476027	3861.9420439204105
0.0010209606623060466	3912.030857722959
0.0010351779556301763	3962.730073181349
0.0010495932305582276	4014.0459695008585
0.0010642092440647246	4065.9847220203064
0.0010790287915161836	4118.552428900511
0.0010940547072057424	4171.7552105677605
0.0011092898648952228	4225.599211465753
0.001124737178364752	4280.090599264012
0.0011403996019700331	4335.235564041462
0.0011562801312073755	4391.040317444559
0.0011723818032865986	4447.511091820051
0.0011887076977119032	4504.654139321605
0.0012052609368708425	4562.475730990214
0.0012220446866314887	4620.98215580808
0.0012390621569479156	4680.179719725372
0.0012563166024741215	4740.074744659907
0.0012738113231864786	4800.673567469055
0.001291549665014884	4861.982538893876
0.0013095350204826678	4924.00802247482
0.001327770829355429	4986.756368111598
0.001346260579298911	5050.233819373619
0.0013650078065460137	5114.446589041383
0.0013840160965731315	5179.400888979734
0.0014032890847858733	5245.102928649915
0.001422830457214352	5311.558913585464
0.0014426439512181589	5378.775043833344
0.00146273335620113	5446.757512360037
0.0014831025143361043	5515.512503422464
0.0015037553212997384	5585.046190903092
0.001524695727017573	5655.364736609517
0.0015459277364194785	5726.474288537794
0.001567455410205595	5798.380979099455
0.001589282865622978	5871.0909233121665
0.0016114142772530198	5944.610216953417
0.0016338538778098604	6018.944934677491
0.0016566059589499151	6094.101125615482
0.0016796748720926532	6170.0846347966535
0.0017030650292528444	6246.900972470587
0.001726780903884356	6324.555567461805
0.0017508270317357234	6403.053791297019
0.001775208011717636	6482.400955396166
0.0017999285067824766	6562.6023082162565
0.0018249932448161524	6643.663032348443
0.0018504070195423021	6725.58824156806
0.0018761746914391195	6808.382977838008
0.0019023011886689458	6892.052208265334
0.0019287915080207778	6976.600822011557
0.001955650715865949	7062.033627156483
0.0019828839491270716	7148.355347516301
0.002010496416260497	7235.570619415498
0.002038493398252464	7323.683988413696
0.0020668802496290823	7412.699905987099
0.002095662399480433	7502.622699873599
0.0021248453524988827	7593.456279095887
0.002154434690031882	7685.204221509582
0.0021844360711494285	7777.869966296334
0.0022148552337263594	7871.456813286884
0.002245697995539774	7965.967918700541
0.00227697025538168	8061.406290837977
0.0023086779941871674	8157.774785728472
0.0023408272761782944	8255.076102732924
0.002373424250023866	8353.312780103144
0.002406475150015424	8452.48719049946
0.00243998629725955	8552.601536466787
0.0024739641008868114	8653.657845871454
0.002508415059277541	8755.65796729952
0.002543345761304648	8858.603565417894
0.002578762887593801	8962.49611630062
0.002614673211801092	9067.336902720406
0.0026510836019085363	9173.126889601828
0.0026880010215376074	9279.86636344052
0.0027254325312810277	9387.555260347177
0.00276338529005317	9496.193270533095
0.002801866556459195	9605.779832735936
0.0028408836901833013	9716.314128622991
0.002880444153396298	9827.79507717489
0.002920555512182745	9940.221329051894
0.0029612254379880344	10053.591260946398
0.003002461709085549	10167.902969923967
0.003044272212064303	10283.15426775619
0.0030866649433372744	10399.342675248561
0.0031296480106707504	10516.465416566472
0.0031732296347349765	10634.519413562679
0.0032174181506763717	10753.501280109642
0.00326222200971167	10873.407316440309
0.0033076497807442424	10994.233495361783
0.0033537101520029287	11115.975054473432
0.0034004119327037063	11238.626284490061
0.0034477640547344642	11362.181047842543
0.0034957755743632753	11486.632817312457
0.0035444556739704356	11611.9746696632
0.003593813663804626	11738.19927931959
0.0036438589837635444	11865.2989121029
0.0036946012051993025	11993.265419025487
0.003746050032748993	12122.090230151922
0.003798215306190736	12251.764348531982
0.003851107002325569	12382.278344211705
0.00390473523688556	12513.622348328572
0.0039591102664684585	12645.786047297204
0.004014242490499322	12778.758677091806
0.004070142453219439	12912.529017631774
0.004126820845702952	13047.085387277511
0.004184288507901585	13182.41552538042
0.004242556430717777	13318.505566808606
0.004301635758106795	13455.34046443279
0.004361537789208006	13592.904602496723
0.004422273980505897	13731.18179828291
0.004483855948021191	13870.155296451689
0.0045462954695324	14009.807763586394
0.004609604486828434	14150.121282955319
0.004673795107992464	14291.077349500609
0.004738879609717651	14432.656865063675
0.004804870439655134	14574.840133858166
0.004871780218794631	14717.606858200512
0.004939621743878321	14860.936134508403
0.005008407989848212	15004.806449578025
0.0050781521123276704	15149.195677150376
0.005148867450137497	15294.081074777228
0.005220567527846975	15439.439280931754
0.005293266058360562	15585.245950578936
0.0053669769455404765	15731.474880928938
0.005441714286865887	15878.098927598143
0.005517492376129128	16025.090250150697
0.005594325706169377	16172.4203106206
0.005672228971644543	16320.059872474967
0.005751217071841614	16467.979000032556
0.005831305113526219	16616.147058349612
0.0059125084138318814	16764.53271358752
0.005994842503189409	16913.10393387415
0.00607832312829723	17061.827990672326
0.006162966255132942	17210.671460668313
0.006248788072006888	17359.600228192205
0.006335804992658254	17508.579488183685
0.006424033659394191	17657.573749714396
0.0065134909462728026	17806.54684007952
0.006604193962330305	17955.46185024247
0.006696160054853215	18104.279011207716
0.006789406812696112	18252.955027578657
0.0068839520696454964	18401.445600047293
0.00697981390783066	18549.70560754446
0.0070770106611818895	18697.689115913294
0.0071755609189369214	18845.349387482758
0.007275483529196233	18992.63889155717
0.007376797602527731	19139.509315838153
0.007479522515621821	19285.911578793482
0.0075836779149971905	19431.795842987438
0.007689283720758305	19577.11152938673
0.0077963601304052365	19721.807332654484
0.00790492762269642	19865.8312374442
0.008015006961565405	20009.130535705797
0.008126619200091946	20151.65184501257
0.008239785684528511	20293.341127919666
0.008354528058382871	20434.143098023855
0.008470868266557402	20573.996636556356
0.00858882855954625	20712.837255801096
0.008708431497690725	20850.59965760235
0.008829699955494083	20987.21778191613
0.0089526571259964	21122.62483782249
0.009077326525210224	21256.753336123067
0.009203731996618222	21389.53512353344
0.009331897715733239	21520.90141847339
0.009461848194721992	21650.782848459457
0.009593608287093146	21779.109489100498
0.009727203192450537	21905.8109046932
0.009862658461312821	22030.816190416106
0.01	22154.054016112466
0.010139254075588154	22275.452671654682
0.010280447320933098	22394.94011387747
0.010423606739764012	22512.444012575415
0.01056875971184804	22627.88926129777
0.010715933998226712	22741.19315472934
0.010865157746525383	22852.271339351824
0.01101645949633657	22961.039178636664
0.011169868184678225	23067.411821132
0.011325413151528114	23171.304270734057
0.011483124145435111	23272.631459104887
0.011643031329208768	23371.308320194606
0.011805165285688056	23467.249866820555
0.011969557023590429	23560.37126925167
0.012136237983442405	23650.587935737407
0.012305240043592616	23737.81559492123
0.012476595526308698	23821.97038006599
0.012650337203959038	23902.96891501899
0.012826498305280598	23980.728401835393
0.013005112521734086	24055.166709973888
0.013186214013947485	24126.202169590033
0.013369837418249465	24193.745628779678
0.01355601785329369	24257.69952580344
0.013744790926775366	24317.966683796873
0.013936192742241421	24374.450912968143
0.014130259905995337	24427.057137143147
0.014327029534098309	24475.691522382433
0.014526539259467812	24520.261607498145
0.014728827239075018	24560.67643629098
0.014933932161242518	24596.846691317736
0.01514189325304352	24628.68482898753
0.015352750287804227	24656.105215778156
0.01556654359271062	24679.02426535106
0.01578331405652118	24697.360576337243
0.016003103137387002	24711.035070554903
0.016225952870780873	24719.971131411032
0.016451905877536626	24724.09474223281
0.016681005372000592	24723.33369815294
0.016913295170296487	24717.612049576383
0.01714881969870539	24706.85399143531
0.017387624002162504	24690.986891153396
0.017629753752872058	24669.941456404056
0.017875255259042353	24643.65188972041
0.018124175473742378	24612.0560414815
0.018376562003881707	24575.095560909933
0.018632463119315597	24532.71604470959
0.018891927762076665	24484.867182964645
0.01915500555573528	24431.502901919048
0.019421746814890263	24372.581503247096
0.019692202554791715	24308.06579942633
0.019966424501097934	24237.92324482014
0.020244465099768037	24162.126062075495
0.02052637752709252	24080.651363443812
0.02081221569986339	23993.481287688202
0.021102034285685942	23900.610958139758
0.021395888713434216	23802.060149148467
0.021693835183851845	23697.85644837318
0.021995930680300747	23588.032237503023
0.022302232979659387	23472.624703209414
0.022612800663372772	23351.675841205717
0.022927693128656487	23225.232453301338
0.02324697059985648	23093.34613735147
0.023570694139967277	22956.073270015248
0.023898925662310503	22813.474982250427
0.02423172794237598	22665.617127488054
0.024569164629827903	22512.570242444544
0.024911300260677886	22354.40950054458
0.025258200269627846	22191.214657944063
0.025609931002584595	22023.069992158933
0.025966559729348696	21850.064233321304
0.0263281546564802	21672.293521060386
0.02669478494034321	21489.92401704908
0.027066520700332414	21303.18715781657
0.027443433032283655	21112.316270855354
0.02782559402207126	20917.543524197947
0.028213076759394707	20719.099581826693
0.02860595535175742	20517.213274296744
0.029004304938639917	20312.111284849347
0.029408201705870638	20104.017851226567
0.029817722900196734	19893.154483344664
0.030232946844057765	19679.739696923687
0.030653952950565267	19463.98876311965
0.031080821738690638	19246.113474151745
0.03151363484866479	19026.321924870485
0.03195247505759213	18804.81831016323
0.03239742629528195	18581.802738053353
0.03284857366030044	18357.47105830404
0.03330600343624589	18132.041821545714
0.033769803108250916	17905.87340463701
0.034240061379714255	17679.35947128256
0.034716868189265594	17452.87765777359
0.03520031472796679	17226.78946366158
0.0356904934567523	17001.44025816661
0.0361874981241128	16777.159357036788
0.03669142378402494	16554.26016486696
0.03720236681413066	16333.040377929938
0.03772042493416997	16113.782242649979
0.03824569722466999	15896.752864957214
0.03877828414589457	15682.204565896087
0.0393182875570577	15470.37527901858
0.039865810735804384	15261.488985271557
0.04042095839796306	15055.756181284114
0.040983836717572615	14853.374399703258
0.04155455334718875	14654.532478647372
0.04213321743847289	14459.415019476006
0.042719939663067766	14268.195654714787
0.043314832233763985	14081.036619002134
0.04391800892596086	13898.089382373784
0.044529585099426554	13719.495296907082
0.04514967772036102	13545.386254258472
0.045778405383766166	13375.885351909687
0.046415888336127774	13211.107566218912
0.04706224849841281	13051.160430651164
0.047717609489387455	12896.144422696272
0.04838209664925957	12746.083131631987
0.04905583706365046	12600.837165855792
0.04973895958790062	12460.250305368634
0.050431594871713586	12324.172503785108
0.05113387538414326	12192.459608226338
0.05184593543892913	12064.973092938579
0.05256791122018425	11941.579719554777
0.05329994080844088	11822.097643207433
0.05404216420705915	11706.207885585787
0.05479472336900287	11593.579693713342
0.055557762223988776	11483.89462552465
0.05633142670601358	11376.845815331642
0.05711586478126429	11272.116885979776
0.05791122647641758	11169.249245095187
0.05871766390733255	11067.73089034879
0.0595353313081437	10967.067492420472
0.0603643850607587	10866.781920652427
0.061204983724766966	10766.393525955536
0.062057288067765004	10665.408155598852
0.06292146109610344	10563.348389443818
0.06379766808606283	10459.754759243737
0.06468607661546327	10354.123118640444
0.06558685659571428	10245.893627461552
0.06650018030431118	10134.53013141849
0.06742622241778343	10019.543180252702
0.06836516004510239	9900.574989787225
0.06931717276155408	9777.334163481966
0.07028244264308345	9649.557037250624
0.07126115430111746	9517.00089306825
0.07225349491787214	9379.447043990229
0.0732596542821523	9236.7136351663
0.07427982482564918	9088.769188709945
0.07531420165974367	8935.751185873707
0.07636298261282241	8777.825976544147
0.0774263682681127	8615.20328845153
0.07850456200204509	8448.137735345103
0.07959777002314986	8276.913245254913
0.080706201411495	8102.064154020787
0.0818300681586739	7924.309450202543
0.08296958520834907	7744.352595893382
0.08412497049736119	7562.9320742571135
0.08529644499741025	7380.774883268911
0.08648423275731718	7198.634245704774
0.08768856094587427	7017.430679451347
0.08890965989529158	6838.05114320244
0.09014776314524918	6661.375054592311
0.09140310748756232	6488.280038515791
0.09267593301146883	6319.567356091656
0.0939664831495469	6156.0189942250745
0.0952750047242729	5998.35484743352
0.09660174799522646	5847.226236329122
0.09794696670695395	5703.234538795135
0.09931091813749801	5566.893742937057
0.1006938631476027	5438.499424493597
0.10209606623060465	5318.232520169419
0.10351779556301763	5206.173977424717
0.10495932305582277	5102.25184123969
0.10642092440647247	5006.352119576397
0.10790287915161836	4918.118704890348
0.10940547072057424	4837.10868794419
0.11092898648952228	4762.752781246926
0.1124737178364752	4694.276656741801
0.11403996019700331	4630.892611670417
0.11562801312073753	4571.62120485922
0.11723818032865986	4515.45211018832
0.11887076977119033	4461.319381726168
0.12052609368708427	4408.094797544516
0.12220446866314887	4354.665538354678
0.12390621569479157	4299.866821771814
0.125631660247412	4242.586089593299
0.12738113231864784	4181.932846917475
0.1291549665014884	4117.184029039472
0.13095350204826678	4047.7346975558867
0.1327770829355429	3973.1447259121946
0.13462605792989096	3893.126445716664
0.1365007806546014	3807.887238041293
0.13840160965731316	3717.8315027039193
0.1403289084785873	3623.540468559361
0.1422830457214352	3525.7582848183492
0.14426439512181574	3425.35949147828
0.146273335620113	3323.6143665233208
0.14831025143361043	3221.7815559059136
0.15037553212997384	3121.15899071513
0.1524695727017573	3022.991974293655
0.1545927736419477	2928.4170632866176
0.1567455410205595	2838.490357353821
0.1589282865622978	2754.103499743906
0.161141427725302	2675.8892075345148
0.1633853877809862	2604.340658831476
0.16566059589499135	2539.5818784659687
0.16796748720926533	2481.4678420453974
0.17030650292528443	2429.664583449527
0.1726780903884356	2383.4123919507756
0.17508270317357252	2341.916809167263
0.17752080117176341	2304.156611638312
0.17999285067824763	2269.050822411331
0.18249932448161524	2235.4164626476163
0.18504070195423022	2201.937322940187
0.18761746914391214	2167.3811175035435
0.1902301188668944	2130.657281353294
0.19287915080207776	2090.806367280538
0.19556507158659492	2047.3438220463445
0.19828839491270714	2000.1009131322721
0.2010496416260499	1949.2529405323064
0.20384933982524622	1895.481882278446
0.2066880249629082	1839.5626343610284
0.2095662399480433	1782.5937441032563
0.21248453524988828	1725.6919079949234
0.21544346900318845	1669.9524100170631
0.21844360711494262	1616.4268596853135
0.22148552337263594	1565.97390056502
0.2245697995539774	1519.1914927238872
0.227697025538168	1476.5342330502153
0.23086779941871696	1438.0615767051074
0.2340827276178292	1403.6607900871754
0.23734242500238661	1372.9016953643013
0.2406475150015424	1344.9717272856597
0.243998629725955	1319.0309313060363
0.2473964100886814	1294.0468091681464
0.25084150592775384	1269.015102819914
0.25433457613046484	1243.1573035820816
0.25787628875938007	1215.8650863710893
0.26146732118010924	1186.7811793554267
0.2651083601908539	1155.9436769867455
0.2688001021537605	1123.5206022521131
0.2725432531281028	1090.101347643218
0.27633852900531697	1056.379668400988
0.28018665564591955	1023.136842785577
0.2840883690183304	991.2201351433223
0.28804441533962977	961.2816468666485
0.29205555121827453	933.6143449982618
0.29612254379880343	908.3867053690143
0.30024617090855493	885.3757539241307
0.3044272212064303	864.1713965815479
0.30866649433372745	844.2844190772292
0.312964801067075	825.0855101173809
0.31732296347349764	805.9983381844056
0.32174181506763716	786.5730280353072
0.326222200971167	766.4418860648768
0.33076497807442423	745.5759836494077
0.3353710152002929	724.2439467801639
0.34004119327037063	702.7572728290036
0.3447764054734464	681.5552474457925
0.3495775574363275	661.0528864848233
0.3544455673970436	641.5579579206702
0.3593813663804626	623.3018618162229
0.36438589837635443	606.3429906260649
0.36946012051993027	590.4213973203098
0.3746050032748993	575.2553313625076
0.37982153061907364	560.5339188681982
0.3851107002325569	545.9480043726616
0.390473523688556	531.2993046055811
0.39591102664684585	516.5612412395378
0.4014242490499322	501.74773401933874
0.4070142453219439	487.0356677147053
0.4126820845702952	472.6660766982847
0.418428850790158	458.81634836589524
0.4242556430717777	445.56273562088546
0.4301635758106795	432.95305586643934
0.4361537789208006	420.9242696348217
0.4422273980505897	409.34496324302984
0.4483855948021186	398.09325947993074
0.4546295469532399	387.053034155192
0.46096044868284336	376.11984570851337
0.46737951079924633	365.2698333216358
0.4738879609717651	354.5891858812164
0.4804870439655129	344.16338523518084
0.4871780218794631	334.0596340648061
0.4939621743878321	324.33029121644495
0.5008407989848213	315.00929353977676
0.5078152112327671	306.03441648954026
0.5148867450137492	297.30543991928164
0.5220567527846975	288.7430163776112
0.5293266058360562	280.3421564635075
0.5366976945540476	272.1230889495351
0.5441714286865893	264.1042137578612
0.5517492376129123	256.30572900486953
0.5594325706169377	248.74679471380804
0.5672228971644544	241.44151404723618
0.5751217071841613	234.37301570876215
0.5831305113526225	227.5062047277669
0.5912508413831875	220.80917562351434
0.5994842503189409	214.26692488087158
0.6078323128297229	207.89077970285783
0.6162966255132942	201.69310631556317
0.6248788072006894	195.68346100194316
0.6335804992658248	189.85744920164424
0.642403365939419	184.20225634082183
0.6513490946272803	178.70592374582415
0.6604193962330305	173.35796734264767
0.6696160054853222	168.15439362137298
0.6789406812696106	163.0948844062145
0.6883952069645496	158.1788733430087
0.697981390783066	153.40549953178834
0.707701066118189	148.7725159754383
0.7175560918936928	144.27520936798717
0.7275483529196225	139.90876202468985
0.737679760252773	135.6685793408767
0.7479522515621821	131.55027846910411
0.7583677914997191	127.54989363886638
0.7689283720758313	123.6643687576313
0.7796360130405229	119.89087408256287
0.790492762269642	116.22662516047308
0.8015006961565405	112.66888337164121
0.8126619200091946	109.2149563890957
0.823978568452852	105.86218456771316
0.8354528058382863	102.6078347589183
0.8470868266557402	99.44917491258897
0.858882855954625	96.3835429270404
0.8708431497690724	93.40834562996915
0.8829699955494091	90.52105716258245
0.8952657125996392	87.71921739618371
0.9077326525210223	85.00043038073326
0.9203731996618221	82.36236314717962
0.9331897715733238	79.80274947431059
0.9461848194722002	77.31938683065917
0.9593608287093147	74.91012984983604
0.9727203192450538	72.57288885772411
0.9862658461312821	70.30562859464366
1.0	68.10636696091089
1.0139254075588142	65.97317378556883
1.0280447320933097	63.904169618068806
1.042360673976401	61.8975245426782
1.056875971184805	59.95145701537043
1.0715933998226712	58.064232721179586
1.0865157746525373	56.234163257853155
1.101645949633657	54.459604893428754
1.1169868184678227	52.73895786499856
1.1325413151528128	51.07066536456892
1.148312414543511	49.453212500242856
1.1643031329208755	47.88512527844183
1.1805165285688055	46.3649696068908
1.1969557023590427	44.89135031808203
1.2136237983442417	43.46291021293128
1.2305240043592616	42.078329124345714
1.2476595526308685	40.736323000411645
1.265033720395904	39.435643006920046
1.2826498305280598	38.17507464893943
1.30051125217341	36.95343691114708
1.3186214013947486	35.76958141504745
1.3369837418249453	34.622391430962196
1.355601785329369	33.510780957134656
1.3744790926775368	32.433694241062035
1.3936192742241436	31.39010504143518
1.4130259905995337	30.37901587033496
1.4327029534098294	29.39945725246326
1.4526539259467812	28.450487001116823
1.4728827239075017	27.53118951060749
1.4933932161242534	26.640675064834465
1.514189325304352	25.778079161722584
1.535275028780421	24.942561853234157
1.556654359271062	24.13330710067241
1.5783314056521165	23.34952214499201
1.6003103137387018	22.590436891835356
1.622595287078087	21.855303311020222
1.6451905877536608	21.14339485019987
1.6681005372000592	20.454005803026238
1.691329517029647	19.786450289796793
1.7148819698705409	19.140062033479772
1.7387624002162505	18.514194129278124
1.762975375287204	17.908218519501723
1.7875255259042355	17.321525478635476
1.8124175473742359	16.75352311124291
1.8376562003881725	16.203636862427707
1.8632463119315599	15.67130904058429
1.8891927762076643	15.155998352166671
1.9155005555735278	14.657179448214968
1.9421746814890244	14.17434248238005
1.9692202554791736	13.706992680191036
1.9966424501097935	13.254649919317348
2.024446509976802	12.816848320577607
2.052637752709252	12.393135849455494
2.081221569986337	11.98307392785055
2.1102034285685964	11.586236990085823
2.1395888713434217	11.20221199194108
2.169383518385182	10.830598237703118
2.1995930680300746	10.471007069636947
2.2302232979659364	10.123061524702683
2.2612800663372794	9.786396000394218
2.292769312865649	9.46065592948229
2.3246970599856502	9.145497463446176
2.3570694139967276	8.840587164385429
2.389892566231048	8.545601705204737
2.4231727942376007	8.26022757787154
2.45691646298279	7.9841608095486825
2.491130026067791	7.717106686408584
2.525820026962785	7.458779484940949
2.560993100258457	7.208902210567513
2.5966559729348724	6.967206343383863
2.63281546564802	6.733431592064923
2.6694784940343235	6.507325689210134
2.7066520700332415	6.2886441577313095
2.7443433032283626	6.077150037872939
2.782559402207126	5.872613664175467
2.8213076759394706	5.674812451222986
2.860595535175745	5.483530685299533
2.9004304938639915	5.2985593218059055
2.940820170587061	5.119695788290327
2.9817722900196735	4.946743792951265
3.0232946844057764	4.779513138472784
3.06539529505653	4.617819541055876
3.108082173869064	4.461484454513245
3.151363484866476	4.3103348992965556
3.195247505759214	4.164203296329447
3.2397426295281955	4.022927305521747
3.284857366030047	3.8863496688429615
3.330600343624589	3.754318035737295
3.376980310825088	3.626684674946991
3.4240061379714257	3.5033064435394192
3.4716868189265595	3.3840447290359825
3.5200314727966826	3.2687653111969084
3.5690493456752295	3.1573382274160156
3.6187498124112767	3.049637642074086
3.669142378402494	2.9455417197406333
3.720236681413066	2.8449325021163827
3.7720424934170014	2.747695788611434
3.824569722466999	2.653721020457468
3.8778284145894535	2.5629011682540637
3.9318287557057703	2.475132622852837
3.986581073580439	2.3903150894849063
4.0420958397963105	2.308351485039895
4.0983836717572615	2.229147838407453
4.155455334718871	2.1526131938383775
4.213321743847289	2.078659541950446
4.271993966306777	2.0072017647144875
4.331483223376403	1.9381574846839595
4.391800892596086	1.8714469687225486
4.4529585099426505	1.8069930460417567
4.514967772036102	1.7447210286675239
4.577840538376616	1.6845586342679315
4.641588833612782	1.6264359112758378
4.7062248498412815	1.5702851662423403
4.771760948938741	1.5160408933580274
4.838209664925957	1.463639706081219
4.905583706365046	1.4130202708135629
4.9738959587900675	1.364123242565021
5.0431594871713585	1.316891202551953
5.113387538414321	1.2712685976731788
5.184593543892913	1.22720168181068
5.256791122018419	1.1846384579678613
5.329994080844093	1.1435286019310762
5.404216420705915	1.103823411776926
5.479472336900281	1.0654757800133343
5.555776222398878	1.028440143863493
5.633142670601352	0.9926724359707579
5.711586478126435	0.9581300366251233
5.7911226476417585	0.9247717274663725
5.871766390733249	0.8925576466199414
5.95353313081437	0.8614492452230587
6.036438506075863	0.8314092452997589
6.120498372476703	0.802401598944516
6.2057288067765	0.7743914487755559
6.2921461096103375	0.7473450896197749
6.379766808606282	0.7212299313924803
6.46860766154632	0.6960144631361044
6.558685659571435	0.6716682181830403
6.650018030431118	0.6481617241085266
6.742622241778335	0.6254663848950915
6.836516004510239	0.6035545268012508
6.931717276155401	0.5823994123617454
7.028244264308353	0.5619752089775023
7.126115430111746	0.5422569584391083
7.225349491787207	0.5232205474756862
7.3259654282152304	0.5048426792946432
7.427982482564911	0.4871008460788387
7.531420165974375	0.46997330240885316
7.636298261282241	0.4534390395792294
7.742636826811277	0.4374777607784723
7.850456200204509	0.4220698571037669
7.959777002314977	0.40719638438222044
8.070620141149508	0.3928390407715016
8.18300681586739	0.3789801451136142
8.296958520834915	0.36560261656490856
8.412497049736118	0.3526900889971968
8.529644499741016	0.34022703996050174
8.648423275731727	0.3281984691428719
8.768856094587427	0.3165898382138453
8.890965989529168	0.3053870586331507
9.014776314524918	0.2945764796777673
9.140310748756223	0.2841448766888837
9.267593301146883	0.27407943953999464
9.39664831495469	0.2643677613269604
9.5275004724273	0.2549978272805082
9.660174799522645	0.24595800390138253
9.794696670695386	0.23723702831796437
9.9310918137498	0.2288239978659783
10.069386314760271	0.22070835988957635
10.209606623060475	0.21287990176285193
10.351779556301762	0.20532874113063235
10.495932305582267	0.19804739121668408
10.642092440647247	0.1910230131648278
10.790287915161835	0.1842447671541502
10.940547072057436	0.1777041533470049
11.092898648952227	0.1713929520901718
11.247371783647507	0.16530323806383876
11.403996019700331	0.15942733927652722
11.562801312073754	0.15375785786917484
11.723818032865998	0.14828764140691672
11.887076977119033	0.1430097789661965
12.052609368708413	0.13791760405098175
12.220446866314887	0.1330046696551576
12.390621569479157	0.1282647498769157
12.563166024741214	0.12369183484742953
12.738113231864785	0.11928011925597161
12.915496650148826	0.11502399531153329
13.095350204826676	0.11091804726964441
13.27770829355429	0.10695704522861074
13.46260579298911	0.10313593870637724
13.650078065460137	0.09944985050261823
13.840160965731302	0.09589407090007995
14.03289084785873	0.09246405210513667
14.22830457214352	0.08915540266408961
14.426439512181588	0.08596388166420141
14.627333562011298	0.08288539376228686
14.831025143361028	0.07991598601556187
15.037553212997384	0.07705184188797466
15.24695727017573	0.07428927399705186
15.459277364194785	0.07162472524493974
15.67455410205595	0.06905475907824854
15.892828656229764	0.06657605923084639
16.114142772530197	0.06418542255266291
16.338538778098602	0.06187975864400251
16.56605958949915	0.05965608208495112
16.79674872092653	0.05751151187527408
17.030650292528428	0.0554432670853904
17.26780903884356	0.05344866275173847
17.508270317357233	0.05152510704808685
17.75208011717636	0.049670098228016046
17.999285067824765	0.047881221470641624
18.249932448161506	0.04615614587866956
18.504070195423022	0.044492621637998025
18.761746914391196	0.042888477273019664
19.023011886689456	0.0413416168287512
19.287915080207778	0.03985001713928758
19.55650715865947	0.03841172591187339
19.828839491270713	0.03702485898770553
20.104964162604972	0.035687597409245535
20.384933982524643	0.034398186481507054
20.66880249629082	0.033154932099686625
20.956623994804307	0.03195619981835486
21.24845352498883	0.03080041229004335
21.54434690031882	0.029686047169514024
21.844360711494286	0.028611635520405552
22.14855233726359	0.02757575988503084
22.456979955397717	0.026577052459196
22.7697025538168	0.025614193384115937
23.086779941871672	0.024685909091665074
23.408272761782943	0.02379097073283977
23.73424250023866	0.02292819267636233
24.064751500154216	0.022096430852734803
24.399862972595503	0.02129458138991795
24.739641008868116	0.020521579405328005
25.084150592775412	0.019776397280705113
25.433457613046482	0.019058043725613566
25.787628875938037	0.018365562339752506
26.14673211801092	0.01769803037373938
26.510836019085364	0.017054557650453092
26.880010215376075	0.016434285399498535
27.254325312810277	0.015836385151528444
27.63385290053173	0.015260057687732668
28.018665564591952	0.01470453204015521
28.408836901833013	0.01416906449336884
28.80444153396298	0.013652937573337404
29.20555512182745	0.013155459278062588
29.612254379880376	0.01267596201061843
30.024617090855493	0.012213801892697808
30.442722120642998	0.011768357805982283
30.866649433372746	0.011339030657301895
31.296480106707506	0.010925242605756781
31.732296347349795	0.010526436306242991
32.174181506763716	0.010142074193103694
32.62222009711667	0.009771637797649965
33.07649780744242	0.009414627065632774
33.53710152002929	0.009070559694738687
34.004119327037095	0.00873897056927331
34.47764054734464	0.008419411083932503
34.95775574363272	0.008111448612911111
35.44455673970435	0.00781466593587031
35.93813663804626	0.007528660688388296
36.43858983763548	0.007253044843931895
36.94601205199302	0.006987444205891145
37.46050032748989	0.006731497924098961
37.98215306190736	0.0064848580329113495
38.51107002325569	0.006247188967859241
39.04735236885564	0.0060181671647907935
39.591102664684584	0.005797480609943524
40.14242490499318	0.005584828439891421
40.70142453219439	0.005379920549763715
41.268208457029516	0.0051824772120718805
41.84288507901584	0.004992228708712644
42.42556430717777	0.004808914970589453
43.01635758106791	0.004632285252292229
43.615377892080055	0.004462097781544304
44.22273980505897	0.004298119456505558
44.838559480211906	0.004140125532285428
45.462954695323994	0.003987899324148771
46.09604486828429	0.003841231921496769
46.737951079924635	0.0036999219156714862
47.38879609717651	0.0035637751274215663
48.04870439655134	0.0034326043557528873
48.71780218794631	0.0033062291245272418
49.396217438783154	0.003184475447388344
50.08407989848212	0.003067175594909698
50.781521123276704	0.002954167873041502
51.48867450137497	0.002845296406363351
52.205675278469755	0.002740410931920585
52.93266058360556	0.002639366598694464
53.66976945540476	0.0025420237757008825
54.41714286865888	0.002448247864319285
55.17492376129129	0.0023579091188228097
55.94325706169378	0.0022708824747995964
56.722289716445374	0.002187047379062749
57.51217071841614	0.0021062876314036183
58.313051135262185	0.002028491226690402
59.12508413831881	0.0019535502060603976
59.94842503189409	0.0018813605115059555
60.78323128297224	0.0018118218465155982
61.629662551329425	0.0017448375415405001
62.48788072006888	0.0016803144238941514
63.358049926582545	0.001618162692241017
64.2403365939419	0.0015582957958049715
65.13490946272796	0.0015006303178247715
66.04193962330305	0.0014450858633455117
66.96160054853215	0.0013915849504060388
67.89406812696113	0.0013400529054964363
68.83952069645497	0.001290417762702852
69.79813907830653	0.0012426101663178075
70.77010661181889	0.0011965632772863142
71.75560918936921	0.0011522126824352623
72.75483529196232	0.0011094963072073166
73.7679760252773	0.0010683543313786366
74.79522515621814	0.001028729108405747
75.8367791499719	0.0009905650864197998
76.89283720758306	0.0009538087332260555
77.96360130405237	0.0009184084634676586
79.04927622696421	0.0008843145680899218
80.15006961565413	0.000851479147133557
81.26619200091946	0.000819856044090789
82.39785684528512	0.0007894007830890482
83.54528058382871	0.0007600705082141123
84.70868266557402	0.0007318239249886045
85.88828559546259	0.0007046212439439356
87.08431497690724	0.0006784241261603603
88.29699955494083	0.0006531956309432338
89.526571259964	0.0006289001650707254
90.77326525210223	0.0006055034341634534
92.03731996618231	0.000582972395589308
93.31897715733238	0.0005612752131974163
94.61848194721992	0.0005403812135439061
95.93608287093147	0.0005202608438487807
97.27203192450537	0.0005008856312475416
98.6265846131283	0.0004822281437739413
100.0	0.0004642619524890366
