3.000000e-05 3.382425e+06 3.382416e+06  1.000003e+00  -1.691210e+11 -1.187528e-21  -1.000000e-06  
3.031438e-05 3.329942e+06 3.329937e+06  1.000002e+00  -1.647702e+11 -1.101883e-07  -6.677691e-06  
3.063205e-05 3.278272e+06 3.278271e+06  1.000000e+00  -1.605314e+11 -2.215314e-07  -1.241488e-05  
3.095305e-05 3.227406e+06 3.227407e+06  9.999996e-01  -1.564017e+11 -3.726896e-07  -1.546339e-05  
3.127742e-05 3.177332e+06 3.177332e+06  9.999998e-01  -1.523783e+11 -5.442672e-07  -1.720423e-05  
3.160518e-05 3.128035e+06 3.128034e+06  1.000000e+00  -1.484583e+11 -7.286073e-07  -1.880014e-05  
3.193638e-05 3.079502e+06 3.079501e+06  1.000000e+00  -1.446392e+11 -9.356232e-07  -2.010406e-05  
3.227105e-05 3.031722e+06 3.031722e+06  1.000000e+00  -1.409183e+11 -1.145294e-06  -2.141705e-05  
3.260923e-05 2.984683e+06 2.984683e+06  9.999999e-01  -1.372932e+11 -1.380519e-06  -2.252235e-05  
3.295095e-05 2.938374e+06 2.938374e+06  1.000000e+00  -1.337613e+11 -1.618210e-06  -2.363924e-05  
3.329625e-05 2.892784e+06 2.892784e+06  1.000000e+00  -1.303203e+11 -1.871958e-06  -2.467271e-05  
3.364517e-05 2.847901e+06 2.847901e+06  1.000000e+00  -1.269678e+11 -2.134379e-06  -2.567483e-05  
3.399775e-05 2.803714e+06 2.803714e+06  1.000000e+00  -1.237015e+11 -2.405715e-06  -2.665307e-05  
3.435402e-05 2.760213e+06 2.760213e+06  9.999999e-01  -1.205193e+11 -2.690562e-06  -2.758207e-05  
3.471402e-05 2.717387e+06 2.717387e+06  1.000000e+00  -1.174189e+11 -2.979000e-06  -2.851798e-05  
3.507780e-05 2.675226e+06 2.675226e+06  9.999999e-01  -1.143983e+11 -3.284735e-06  -2.939751e-05  
3.544539e-05 2.633718e+06 2.633718e+06  1.000000e+00  -1.114553e+11 -3.593675e-06  -3.028626e-05  
3.581683e-05 2.592855e+06 2.592855e+06  9.999999e-01  -1.085881e+11 -3.915419e-06  -3.114631e-05  
3.619217e-05 2.552625e+06 2.552626e+06  9.999999e-01  -1.057947e+11 -4.244379e-06  -3.200011e-05  
3.657143e-05 2.513020e+06 2.513020e+06  9.999999e-01  -1.030731e+11 -4.581526e-06  -3.284638e-05  
3.695467e-05 2.474029e+06 2.474030e+06  9.999999e-01  -1.004215e+11 -4.929724e-06  -3.367539e-05  
3.734193e-05 2.435644e+06 2.435644e+06  1.000000e+00  -9.783818e+10 -5.282262e-06  -3.451094e-05  
3.773325e-05 2.397853e+06 2.397854e+06  9.999999e-01  -9.532128e+10 -5.649122e-06  -3.532238e-05  
3.812866e-05 2.360650e+06 2.360650e+06  9.999999e-01  -9.286913e+10 -6.019827e-06  -3.614232e-05  
3.852823e-05 2.324023e+06 2.324023e+06  9.999999e-01  -9.048005e+10 -6.402155e-06  -3.694928e-05  
3.893197e-05 2.287965e+06 2.287965e+06  9.999999e-01  -8.815244e+10 -6.791294e-06  -3.775688e-05  
3.933995e-05 2.252466e+06 2.252466e+06  9.999999e-01  -8.588471e+10 -7.188535e-06  -3.856273e-05  
3.975220e-05 2.217518e+06 2.217518e+06  9.999999e-01  -8.367531e+10 -7.595799e-06  -3.936214e-05  
4.016878e-05 2.183112e+06 2.183112e+06  9.999999e-01  -8.152275e+10 -8.008090e-06  -4.016816e-05  
4.058972e-05 2.149240e+06 2.149240e+06  9.999999e-01  -7.942556e+10 -8.433260e-06  -4.096267e-05  
4.101507e-05 2.115893e+06 2.115893e+06  9.999999e-01  -7.738233e+10 -8.862885e-06  -4.176551e-05  
4.144488e-05 2.083064e+06 2.083064e+06  9.999998e-01  -7.539166e+10 -9.303670e-06  -4.256239e-05  
4.187919e-05 2.050744e+06 2.050745e+06  9.999998e-01  -7.345219e+10 -9.751241e-06  -4.336294e-05  
4.231805e-05 2.018926e+06 2.018926e+06  9.999999e-01  -7.156263e+10 -1.020709e-05  -4.416468e-05  
4.276151e-05 1.987601e+06 1.987602e+06  9.999998e-01  -6.972167e+10 -1.067252e-05  -4.496517e-05  
4.320962e-05 1.956763e+06 1.956763e+06  9.999998e-01  -6.792807e+10 -1.114364e-05  -4.577251e-05  
4.366243e-05 1.926403e+06 1.926403e+06  9.999998e-01  -6.618061e+10 -1.162689e-05  -4.657480e-05  
4.411998e-05 1.896514e+06 1.896514e+06  9.999998e-01  -6.447810e+10 -1.211520e-05  -4.738549e-05  
4.458232e-05 1.867088e+06 1.867089e+06  9.999998e-01  -6.281939e+10 -1.261456e-05  -4.819418e-05  
4.504951e-05 1.838119e+06 1.838120e+06  9.999998e-01  -6.120335e+10 -1.312088e-05  -4.900830e-05  
4.552160e-05 1.809600e+06 1.809600e+06  9.999998e-01  -5.962889e+10 -1.363580e-05  -4.982545e-05  
4.599863e-05 1.781523e+06 1.781524e+06  9.999997e-01  -5.809492e+10 -1.416016e-05  -5.064440e-05  
4.648066e-05 1.753882e+06 1.753882e+06  9.999998e-01  -5.660042e+10 -1.469089e-05  -5.147056e-05  
4.696775e-05 1.726670e+06 1.726670e+06  9.999997e-01  -5.514437e+10 -1.523337e-05  -5.229556e-05  
4.745993e-05 1.699880e+06 1.699880e+06  9.999997e-01  -5.372577e+10 -1.578154e-05  -5.312922e-05  
4.795728e-05 1.673505e+06 1.673506e+06  9.999997e-01  -5.234367e+10 -1.634086e-05  -5.396345e-05  
4.845984e-05 1.647540e+06 1.647540e+06  9.999997e-01  -5.099712e+10 -1.690743e-05  -5.480434e-05  
4.896766e-05 1.621977e+06 1.621978e+06  9.999997e-01  -4.968521e+10 -1.748302e-05  -5.564963e-05  
4.948080e-05 1.596812e+06 1.596812e+06  9.999996e-01  -4.840705e+10 -1.806813e-05  -5.649876e-05  
4.999933e-05 1.572036e+06 1.572037e+06  9.999997e-01  -4.716177e+10 -1.866027e-05  -5.735555e-05  
5.052328e-05 1.547645e+06 1.547646e+06  9.999996e-01  -4.594853e+10 -1.926406e-05  -5.821384e-05  
5.105273e-05 1.523633e+06 1.523633e+06  9.999996e-01  -4.476650e+10 -1.987418e-05  -5.908113e-05  
5.158772e-05 1.499993e+06 1.499994e+06  9.999996e-01  -4.361487e+10 -2.049570e-05  -5.995091e-05  
5.212833e-05 1.476720e+06 1.476720e+06  9.999996e-01  -4.249287e+10 -2.112486e-05  -6.082832e-05  
5.267459e-05 1.453808e+06 1.453808e+06  9.999996e-01  -4.139974e+10 -2.176352e-05  -6.171124e-05  
5.322658e-05 1.431251e+06 1.431252e+06  9.999995e-01  -4.033472e+10 -2.241192e-05  -6.259957e-05  
5.378436e-05 1.409045e+06 1.409045e+06  9.999995e-01  -3.929710e+10 -2.306806e-05  -6.349605e-05  
5.434798e-05 1.387183e+06 1.387183e+06  9.999995e-01  -3.828618e+10 -2.373590e-05  -6.439605e-05  
5.491751e-05 1.365660e+06 1.365660e+06  9.999995e-01  -3.730126e+10 -2.441074e-05  -6.530547e-05  
5.549300e-05 1.344471e+06 1.344472e+06  9.999994e-01  -3.634168e+10 -2.509734e-05  -6.621891e-05  
5.607453e-05 1.323611e+06 1.323611e+06  9.999994e-01  -3.540679e+10 -2.579206e-05  -6.714084e-05  
5.666215e-05 1.303074e+06 1.303075e+06  9.999994e-01  -3.449594e+10 -2.649684e-05  -6.806928e-05  
5.725593e-05 1.282856e+06 1.282857e+06  9.999994e-01  -3.360853e+10 -2.721167e-05  -6.900441e-05  
5.785593e-05 1.262952e+06 1.262953e+06  9.999994e-01  -3.274394e+10 -2.793498e-05  -6.994826e-05  
5.846221e-05 1.243357e+06 1.243358e+06  9.999993e-01  -3.190160e+10 -2.867019e-05  -7.089724e-05  
5.907485e-05 1.224066e+06 1.224066e+06  9.999993e-01  -3.108093e+10 -2.941311e-05  -7.185616e-05  
5.969391e-05 1.205074e+06 1.205074e+06  9.999993e-01  -3.028136e+10 -3.016825e-05  -7.282041e-05  
6.031946e-05 1.186376e+06 1.186377e+06  9.999993e-01  -2.950237e+10 -3.093204e-05  -7.379397e-05  
6.095157e-05 1.167969e+06 1.167970e+06  9.999993e-01  -2.874342e+10 -3.170651e-05  -7.477497e-05  
6.159029e-05 1.149847e+06 1.149848e+06  9.999992e-01  -2.800399e+10 -3.249145e-05  -7.576380e-05  
6.223572e-05 1.132007e+06 1.132008e+06  9.999992e-01  -2.728358e+10 -3.328563e-05  -7.676197e-05  
6.288790e-05 1.114443e+06 1.114444e+06  9.999991e-01  -2.658171e+10 -3.409205e-05  -7.776667e-05  
6.354692e-05 1.097152e+06 1.097153e+06  9.999992e-01  -2.589789e+10 -3.490691e-05  -7.878190e-05  
6.421284e-05 1.080129e+06 1.080130e+06  9.999991e-01  -2.523166e+10 -3.573453e-05  -7.980363e-05  
6.488575e-05 1.063370e+06 1.063371e+06  9.999991e-01  -2.458257e+10 -3.657141e-05  -8.083550e-05  
6.556570e-05 1.046872e+06 1.046873e+06  9.999991e-01  -2.395018e+10 -3.741964e-05  -8.187572e-05  
6.625278e-05 1.030629e+06 1.030630e+06  9.999990e-01  -2.333406e+10 -3.827886e-05  -8.292482e-05  
6.694706e-05 1.014638e+06 1.014639e+06  9.999990e-01  -2.273379e+10 -3.914812e-05  -8.398395e-05  
6.764862e-05 9.988956e+05 9.988966e+05  9.999989e-01  -2.214896e+10 -4.003004e-05  -8.505088e-05  
6.835753e-05 9.833973e+05 9.833983e+05  9.999990e-01  -2.157917e+10 -4.092120e-05  -8.612899e-05  
6.907386e-05 9.681393e+05 9.681404e+05  9.999989e-01  -2.102404e+10 -4.182573e-05  -8.721472e-05  
6.979771e-05 9.531181e+05 9.531192e+05  9.999989e-01  -2.048320e+10 -4.274019e-05  -8.831142e-05  
7.052914e-05 9.383300e+05 9.383311e+05  9.999988e-01  -1.995626e+10 -4.366674e-05  -8.941738e-05  
7.126823e-05 9.237713e+05 9.237725e+05  9.999988e-01  -1.944289e+10 -4.460488e-05  -9.053326e-05  
7.201507e-05 9.094386e+05 9.094397e+05  9.999988e-01  -1.894272e+10 -4.555390e-05  -9.165991e-05  
7.276973e-05 8.953281e+05 8.953293e+05  9.999987e-01  -1.845541e+10 -4.651611e-05  -9.279555e-05  
7.353231e-05 8.814367e+05 8.814378e+05  9.999987e-01  -1.798064e+10 -4.748839e-05  -9.394310e-05  
7.430287e-05 8.677607e+05 8.677619e+05  9.999986e-01  -1.751809e+10 -4.847474e-05  -9.509936e-05  
7.508151e-05 8.542970e+05 8.542981e+05  9.999986e-01  -1.706743e+10 -4.947176e-05  -9.626746e-05  
7.586831e-05 8.410421e+05 8.410433e+05  9.999986e-01  -1.662837e+10 -5.048166e-05  -9.744575e-05  
7.666335e-05 8.279929e+05 8.279941e+05  9.999985e-01  -1.620060e+10 -5.150383e-05  -9.863499e-05  
7.746673e-05 8.151462e+05 8.151474e+05  9.999985e-01  -1.578384e+10 -5.253778e-05  -9.983581e-05  
7.827852e-05 8.024987e+05 8.025000e+05  9.999984e-01  -1.537780e+10 -5.358553e-05  -1.010468e-04  
7.909882e-05 7.900476e+05 7.900488e+05  9.999985e-01  -1.498220e+10 -5.464425e-05  -1.022704e-04  
7.992772e-05 7.777895e+05 7.777908e+05  9.999984e-01  -1.459678e+10 -5.571780e-05  -1.035039e-04  
8.076531e-05 7.657217e+05 7.657230e+05  9.999984e-01  -1.422128e+10 -5.680283e-05  -1.047501e-04  
8.161167e-05 7.538412e+05 7.538424e+05  9.999983e-01  -1.385543e+10 -5.790161e-05  -1.060075e-04  
8.246690e-05 7.421449e+05 7.421462e+05  9.999982e-01  -1.349900e+10 -5.901340e-05  -1.072769e-04  
8.333109e-05 7.306302e+05 7.306315e+05  9.999982e-01  -1.315173e+10 -6.013794e-05  -1.085587e-04  
8.420434e-05 7.192940e+05 7.192954e+05  9.999981e-01  -1.281340e+10 -6.127698e-05  -1.098519e-04  
8.508674e-05 7.081338e+05 7.081351e+05  9.999982e-01  -1.248378e+10 -6.242795e-05  -1.111586e-04  
8.597838e-05 6.971467e+05 6.971481e+05  9.999981e-01  -1.216263e+10 -6.359458e-05  -1.124762e-04  
8.687937e-05 6.863302e+05 6.863315e+05  9.999980e-01  -1.184974e+10 -6.477358e-05  -1.138075e-04  
8.778981e-05 6.756814e+05 6.756827e+05  9.999980e-01  -1.154491e+10 -6.596726e-05  -1.151511e-04  
8.870978e-05 6.651978e+05 6.651992e+05  9.999979e-01  -1.124791e+10 -6.717479e-05  -1.165077e-04  
8.963939e-05 6.548769e+05 6.548783e+05  9.999979e-01  -1.095856e+10 -6.839608e-05  -1.178776e-04  
9.057875e-05 6.447161e+05 6.447176e+05  9.999978e-01  -1.067665e+10 -6.963267e-05  -1.192601e-04  
9.152795e-05 6.347131e+05 6.347144e+05  9.999978e-01  -1.040199e+10 -7.088221e-05  -1.206571e-04  
9.248709e-05 6.248651e+05 6.248665e+05  9.999977e-01  -1.013440e+10 -7.214832e-05  -1.220662e-04  
9.345629e-05 6.151700e+05 6.151714e+05  9.999977e-01  -9.873687e+09 -7.342777e-05  -1.234899e-04  
9.443564e-05 6.056253e+05 6.056268e+05  9.999976e-01  -9.619685e+09 -7.472290e-05  -1.249270e-04  
9.542526e-05 5.962287e+05 5.962302e+05  9.999976e-01  -9.372217e+09 -7.603280e-05  -1.263782e-04  
9.642524e-05 5.869779e+05 5.869794e+05  9.999975e-01  -9.131115e+09 -7.735755e-05  -1.278439e-04  
9.743571e-05 5.778706e+05 5.778721e+05  9.999974e-01  -8.896216e+09 -7.869847e-05  -1.293233e-04  
9.845676e-05 5.689047e+05 5.689061e+05  9.999974e-01  -8.667359e+09 -8.005346e-05  -1.308181e-04  
9.948852e-05 5.600778e+05 5.600793e+05  9.999973e-01  -8.444390e+09 -8.142600e-05  -1.323263e-04  
1.005311e-04 5.513879e+05 5.513894e+05  9.999973e-01  -8.227156e+09 -8.281292e-05  -1.338503e-04  
1.015846e-04 5.428328e+05 5.428343e+05  9.999972e-01  -8.015511e+09 -8.421660e-05  -1.353887e-04  
1.026491e-04 5.344105e+05 5.344120e+05  9.999972e-01  -7.809311e+09 -8.563607e-05  -1.369424e-04  
1.037248e-04 5.261188e+05 5.261203e+05  9.999971e-01  -7.608415e+09 -8.707154e-05  -1.385117e-04  
1.048118e-04 5.179558e+05 5.179573e+05  9.999970e-01  -7.412687e+09 -8.852417e-05  -1.400959e-04  
1.059101e-04 5.099194e+05 5.099210e+05  9.999970e-01  -7.221995e+09 -8.999210e-05  -1.416967e-04  
1.070200e-04 5.020077e+05 5.020093e+05  9.999969e-01  -7.036208e+09 -9.147852e-05  -1.433122e-04  
1.081415e-04 4.942188e+05 4.942204e+05  9.999969e-01  -6.855200e+09 -9.298052e-05  -1.449446e-04  
1.092747e-04 4.865507e+05 4.865523e+05  9.999968e-01  -6.678849e+09 -9.450046e-05  -1.465926e-04  
1.104198e-04 4.790016e+05 4.790032e+05  9.999967e-01  -6.507034e+09 -9.603727e-05  -1.482572e-04  
1.115769e-04 4.715697e+05 4.715712e+05  9.999967e-01  -6.339640e+09 -9.759133e-05  -1.499385e-04  
1.127462e-04 4.642530e+05 4.642546e+05  9.999966e-01  -6.176551e+09 -9.916362e-05  -1.516362e-04  
1.139277e-04 4.570499e+05 4.570515e+05  9.999966e-01  -6.017658e+09 -1.007525e-04  -1.533515e-04  
1.151216e-04 4.499585e+05 4.499601e+05  9.999964e-01  -5.862853e+09 -1.023610e-04  -1.550829e-04  
1.163279e-04 4.429771e+05 4.429787e+05  9.999964e-01  -5.712030e+09 -1.039863e-04  -1.568325e-04  
1.175470e-04 4.361041e+05 4.361057e+05  9.999963e-01  -5.565087e+09 -1.056308e-04  -1.585989e-04  
1.187788e-04 4.293377e+05 4.293393e+05  9.999962e-01  -5.421924e+09 -1.072934e-04  -1.603834e-04  
1.200235e-04 4.226763e+05 4.226779e+05  9.999962e-01  -5.282444e+09 -1.089745e-04  -1.621857e-04  
1.212813e-04 4.161182e+05 4.161199e+05  9.999961e-01  -5.146553e+09 -1.106751e-04  -1.640058e-04  
1.225522e-04 4.096619e+05 4.096636e+05  9.999960e-01  -5.014157e+09 -1.123936e-04  -1.658449e-04  
1.238364e-04 4.033058e+05 4.033074e+05  9.999959e-01  -4.885166e+09 -1.141329e-04  -1.677015e-04  
1.251342e-04 3.970483e+05 3.970499e+05  9.999959e-01  -4.759495e+09 -1.158904e-04  -1.695775e-04  
1.264455e-04 3.908878e+05 3.908895e+05  9.999958e-01  -4.637056e+09 -1.176685e-04  -1.714718e-04  
1.277705e-04 3.848230e+05 3.848247e+05  9.999957e-01  -4.517767e+09 -1.194659e-04  -1.733856e-04  
1.291095e-04 3.788523e+05 3.788539e+05  9.999956e-01  -4.401546e+09 -1.212833e-04  -1.753186e-04  
1.304624e-04 3.729741e+05 3.729758e+05  9.999955e-01  -4.288316e+09 -1.231214e-04  -1.772709e-04  
1.318296e-04 3.671873e+05 3.671889e+05  9.999955e-01  -4.177998e+09 -1.249790e-04  -1.792434e-04  
1.332111e-04 3.614901e+05 3.614918e+05  9.999954e-01  -4.070518e+09 -1.268587e-04  -1.812351e-04  
1.346070e-04 3.558814e+05 3.558831e+05  9.999953e-01  -3.965804e+09 -1.287580e-04  -1.832476e-04  
1.360176e-04 3.503597e+05 3.503614e+05  9.999952e-01  -3.863783e+09 -1.306792e-04  -1.852799e-04  
1.374430e-04 3.449237e+05 3.449254e+05  9.999951e-01  -3.764386e+09 -1.326213e-04  -1.873331e-04  
1.388833e-04 3.395720e+05 3.395737e+05  9.999950e-01  -3.667547e+09 -1.345849e-04  -1.894071e-04  
1.403387e-04 3.343033e+05 3.343050e+05  9.999949e-01  -3.573198e+09 -1.365706e-04  -1.915018e-04  
1.418093e-04 3.291164e+05 3.291181e+05  9.999949e-01  -3.481277e+09 -1.385774e-04  -1.936184e-04  
1.432954e-04 3.240100e+05 3.240117e+05  9.999947e-01  -3.391721e+09 -1.406075e-04  -1.957557e-04  
1.447970e-04 3.189828e+05 3.189845e+05  9.999947e-01  -3.304468e+09 -1.426590e-04  -1.979154e-04  
1.463144e-04 3.140336e+05 3.140353e+05  9.999946e-01  -3.219460e+09 -1.447340e-04  -2.000964e-04  
1.478476e-04 3.091612e+05 3.091629e+05  9.999945e-01  -3.136639e+09 -1.468312e-04  -2.023000e-04  
1.493970e-04 3.043644e+05 3.043661e+05  9.999944e-01  -3.055948e+09 -1.489517e-04  -2.045259e-04  
1.509625e-04 2.996420e+05 2.996437e+05  9.999943e-01  -2.977333e+09 -1.510957e-04  -2.067744e-04  
1.525445e-04 2.949929e+05 2.949946e+05  9.999942e-01  -2.900741e+09 -1.532626e-04  -2.090462e-04  
1.541431e-04 2.904159e+05 2.904176e+05  9.999941e-01  -2.826119e+09 -1.554544e-04  -2.113404e-04  
1.557584e-04 2.859099e+05 2.859116e+05  9.999940e-01  -2.753416e+09 -1.576691e-04  -2.136587e-04  
1.573906e-04 2.814738e+05 2.814756e+05  9.999939e-01  -2.682584e+09 -1.599090e-04  -2.160001e-04  
1.590400e-04 2.771066e+05 2.771083e+05  9.999938e-01  -2.613574e+09 -1.621729e-04  -2.183657e-04  
1.607066e-04 2.728071e+05 2.728089e+05  9.999937e-01  -2.546339e+09 -1.644618e-04  -2.207555e-04  
1.623907e-04 2.685744e+05 2.685761e+05  9.999935e-01  -2.480834e+09 -1.667758e-04  -2.231694e-04  
1.640924e-04 2.644073e+05 2.644090e+05  9.999935e-01  -2.417014e+09 -1.691145e-04  -2.256085e-04  
1.658120e-04 2.603049e+05 2.603066e+05  9.999933e-01  -2.354836e+09 -1.714798e-04  -2.280719e-04  
1.675496e-04 2.562661e+05 2.562678e+05  9.999933e-01  -2.294258e+09 -1.738698e-04  -2.305611e-04  
1.693053e-04 2.522899e+05 2.522917e+05  9.999931e-01  -2.235237e+09 -1.762869e-04  -2.330752e-04  
1.710795e-04 2.483755e+05 2.483773e+05  9.999930e-01  -2.177736e+09 -1.787297e-04  -2.356155e-04  
1.728723e-04 2.445218e+05 2.445236e+05  9.999929e-01  -2.121713e+09 -1.811993e-04  -2.381816e-04  
1.746839e-04 2.407279e+05 2.407297e+05  9.999928e-01  -2.067131e+09 -1.836959e-04  -2.407740e-04  
1.765145e-04 2.369929e+05 2.369946e+05  9.999927e-01  -2.013954e+09 -1.862191e-04  -2.433932e-04  
1.783642e-04 2.333158e+05 2.333175e+05  9.999925e-01  -1.962145e+09 -1.887707e-04  -2.460388e-04  
1.802333e-04 2.296958e+05 2.296975e+05  9.999925e-01  -1.911668e+09 -1.913490e-04  -2.487121e-04  
1.821220e-04 2.261319e+05 2.261336e+05  9.999923e-01  -1.862490e+09 -1.939562e-04  -2.514123e-04  
1.840306e-04 2.226233e+05 2.226251e+05  9.999922e-01  -1.814577e+09 -1.965912e-04  -2.541406e-04  
1.859591e-04 2.191692e+05 2.191709e+05  9.999921e-01  -1.767897e+09 -1.992549e-04  -2.568968e-04  
1.879078e-04 2.157686e+05 2.157704e+05  9.999919e-01  -1.722417e+09 -2.019476e-04  -2.596812e-04  
1.898769e-04 2.124209e+05 2.124226e+05  9.999918e-01  -1.678108e+09 -2.046689e-04  -2.624946e-04  
1.918667e-04 2.091250e+05 2.091268e+05  9.999916e-01  -1.634938e+09 -2.074206e-04  -2.653364e-04  
1.938773e-04 2.058803e+05 2.058821e+05  9.999916e-01  -1.592879e+09 -2.102011e-04  -2.682079e-04  
1.959090e-04 2.026860e+05 2.026877e+05  9.999914e-01  -1.551902e+09 -2.130127e-04  -2.711085e-04  
1.979620e-04 1.995412e+05 1.995429e+05  9.999913e-01  -1.511979e+09 -2.158540e-04  -2.740393e-04  
2.000365e-04 1.964452e+05 1.964469e+05  9.999911e-01  -1.473083e+09 -2.187262e-04  -2.770001e-04  
2.021327e-04 1.933972e+05 1.933989e+05  9.999910e-01  -1.435188e+09 -2.216295e-04  -2.799914e-04  
2.042509e-04 1.903965e+05 1.903983e+05  9.999909e-01  -1.398267e+09 -2.245637e-04  -2.830137e-04  
2.063913e-04 1.874424e+05 1.874441e+05  9.999907e-01  -1.362296e+09 -2.275304e-04  -2.860667e-04  
2.085541e-04 1.845341e+05 1.845359e+05  9.999906e-01  -1.327251e+09 -2.305281e-04  -2.891518e-04  
2.107396e-04 1.816710e+05 1.816727e+05  9.999904e-01  -1.293107e+09 -2.335591e-04  -2.922681e-04  
2.129480e-04 1.788522e+05 1.788540e+05  9.999903e-01  -1.259842e+09 -2.366221e-04  -2.954169e-04  
2.151796e-04 1.760772e+05 1.760789e+05  9.999901e-01  -1.227432e+09 -2.397184e-04  -2.985980e-04  
2.174345e-04 1.733453e+05 1.733470e+05  9.999900e-01  -1.195856e+09 -2.428480e-04  -3.018119e-04  
2.197130e-04 1.706557e+05 1.706574e+05  9.999899e-01  -1.165093e+09 -2.460109e-04  -3.050593e-04  
2.220155e-04 1.680079e+05 1.680096e+05  9.999897e-01  -1.135120e+09 -2.492085e-04  -3.083398e-04  
2.243420e-04 1.654011e+05 1.654029e+05  9.999896e-01  -1.105919e+09 -2.524396e-04  -3.116546e-04  
2.266930e-04 1.628348e+05 1.628365e+05  9.999894e-01  -1.077469e+09 -2.557064e-04  -3.150031e-04  
2.290685e-04 1.603083e+05 1.603101e+05  9.999892e-01  -1.049751e+09 -2.590077e-04  -3.183866e-04  
2.314690e-04 1.578210e+05 1.578228e+05  9.999891e-01  -1.022746e+09 -2.623446e-04  -3.218049e-04  
2.338946e-04 1.553723e+05 1.553741e+05  9.999889e-01  -9.964356e+08 -2.657174e-04  -3.252586e-04  
2.363457e-04 1.529617e+05 1.529634e+05  9.999888e-01  -9.708021e+08 -2.691260e-04  -3.287481e-04  
2.388224e-04 1.505883e+05 1.505901e+05  9.999886e-01  -9.458280e+08 -2.725718e-04  -3.322734e-04  
2.413251e-04 1.482519e+05 1.482536e+05  9.999884e-01  -9.214964e+08 -2.760537e-04  -3.358356e-04  
2.438540e-04 1.459516e+05 1.459534e+05  9.999882e-01  -8.977907e+08 -2.795739e-04  -3.394341e-04  
2.464094e-04 1.436871e+05 1.436888e+05  9.999881e-01  -8.746948e+08 -2.831311e-04  -3.430702e-04  
2.489916e-04 1.414577e+05 1.414594e+05  9.999879e-01  -8.521931e+08 -2.867268e-04  -3.467438e-04  
2.516009e-04 1.392629e+05 1.392646e+05  9.999877e-01  -8.302703e+08 -2.903608e-04  -3.504554e-04  
2.542374e-04 1.371022e+05 1.371039e+05  9.999876e-01  -8.089114e+08 -2.940335e-04  -3.542056e-04  
2.569017e-04 1.349749e+05 1.349766e+05  9.999874e-01  -7.881020e+08 -2.977461e-04  -3.579944e-04  
2.595938e-04 1.328807e+05 1.328824e+05  9.999872e-01  -7.678279e+08 -3.014975e-04  -3.618228e-04  
2.623142e-04 1.308190e+05 1.308207e+05  9.999870e-01  -7.480753e+08 -3.052900e-04  -3.656904e-04  
2.650630e-04 1.287892e+05 1.287909e+05  9.999868e-01  -7.288309e+08 -3.091223e-04  -3.695984e-04  
2.678407e-04 1.267910e+05 1.267927e+05  9.999866e-01  -7.100816e+08 -3.129960e-04  -3.735467e-04  
2.706475e-04 1.248237e+05 1.248254e+05  9.999864e-01  -6.918146e+08 -3.169109e-04  -3.775360e-04  
2.734836e-04 1.228870e+05 1.228887e+05  9.999863e-01  -6.740175e+08 -3.208674e-04  -3.815668e-04  
2.763496e-04 1.209803e+05 1.209820e+05  9.999860e-01  -6.566783e+08 -3.248666e-04  -3.856391e-04  
2.792455e-04 1.191032e+05 1.191049e+05  9.999859e-01  -6.397851e+08 -3.289077e-04  -3.897540e-04  
2.821718e-04 1.172553e+05 1.172569e+05  9.999857e-01  -6.233265e+08 -3.329929e-04  -3.939111e-04  
2.851287e-04 1.154360e+05 1.154377e+05  9.999855e-01  -6.072913e+08 -3.371209e-04  -3.981117e-04  
2.881167e-04 1.136449e+05 1.136466e+05  9.999853e-01  -5.916686e+08 -3.412934e-04  -4.023557e-04  
2.911359e-04 1.118816e+05 1.118833e+05  9.999851e-01  -5.764478e+08 -3.455101e-04  -4.066438e-04  
2.941868e-04 1.101457e+05 1.101474e+05  9.999849e-01  -5.616185e+08 -3.497717e-04  -4.109764e-04  
2.972697e-04 1.084367e+05 1.084384e+05  9.999846e-01  -5.471707e+08 -3.540790e-04  -4.153539e-04  
3.003848e-04 1.067543e+05 1.067559e+05  9.999845e-01  -5.330947e+08 -3.584315e-04  -4.197771e-04  
3.035327e-04 1.050979e+05 1.050995e+05  9.999842e-01  -5.193807e+08 -3.628313e-04  -4.242458e-04  
3.067135e-04 1.034672e+05 1.034689e+05  9.999840e-01  -5.060195e+08 -3.672772e-04  -4.287612e-04  
3.099276e-04 1.018619e+05 1.018635e+05  9.999838e-01  -4.930020e+08 -3.717708e-04  -4.333234e-04  
3.131754e-04 1.002814e+05 1.002830e+05  9.999836e-01  -4.803194e+08 -3.763121e-04  -4.379330e-04  
3.164572e-04 9.872546e+04 9.872710e+04  9.999834e-01  -4.679631e+08 -3.809015e-04  -4.425905e-04  
3.197735e-04 9.719366e+04 9.719530e+04  9.999831e-01  -4.559246e+08 -3.855401e-04  -4.472963e-04  
3.231245e-04 9.568564e+04 9.568727e+04  9.999829e-01  -4.441959e+08 -3.902274e-04  -4.520513e-04  
3.265106e-04 9.420100e+04 9.420264e+04  9.999827e-01  -4.327688e+08 -3.949653e-04  -4.568552e-04  
3.299322e-04 9.273941e+04 9.274104e+04  9.999825e-01  -4.216358e+08 -3.997529e-04  -4.617094e-04  
3.333896e-04 9.130049e+04 9.130212e+04  9.999822e-01  -4.107891e+08 -4.045918e-04  -4.666139e-04  
3.368833e-04 8.988390e+04 8.988552e+04  9.999820e-01  -4.002214e+08 -4.094819e-04  -4.715694e-04  
3.404136e-04 8.848929e+04 8.849090e+04  9.999817e-01  -3.899256e+08 -4.144238e-04  -4.765766e-04  
3.439809e-04 8.711631e+04 8.711792e+04  9.999815e-01  -3.798947e+08 -4.194185e-04  -4.816355e-04  
3.475855e-04 8.576464e+04 8.576625e+04  9.999813e-01  -3.701218e+08 -4.244657e-04  -4.867475e-04  
3.512280e-04 8.443393e+04 8.443554e+04  9.999810e-01  -3.606004e+08 -4.295672e-04  -4.919121e-04  
3.549086e-04 8.312388e+04 8.312548e+04  9.999808e-01  -3.513238e+08 -4.347221e-04  -4.971309e-04  
3.586278e-04 8.183415e+04 8.183575e+04  9.999805e-01  -3.422859e+08 -4.399322e-04  -5.024037e-04  
3.623859e-04 8.056444e+04 8.056603e+04  9.999802e-01  -3.334805e+08 -4.451973e-04  -5.077314e-04  
3.661835e-04 7.931442e+04 7.931601e+04  9.999800e-01  -3.249017e+08 -4.505182e-04  -5.131146e-04  
3.700208e-04 7.808380e+04 7.808538e+04  9.999797e-01  -3.165435e+08 -4.558958e-04  -5.185537e-04  
3.738983e-04 7.687227e+04 7.687385e+04  9.999795e-01  -3.084003e+08 -4.613298e-04  -5.240497e-04  
3.778165e-04 7.567954e+04 7.568112e+04  9.999791e-01  -3.004667e+08 -4.668221e-04  -5.296025e-04  
3.817758e-04 7.450532e+04 7.450689e+04  9.999789e-01  -2.927371e+08 -4.723720e-04  -5.352134e-04  
3.857765e-04 7.334931e+04 7.335088e+04  9.999786e-01  -2.852064e+08 -4.779812e-04  -5.408824e-04  
3.898191e-04 7.221124e+04 7.221280e+04  9.999783e-01  -2.778694e+08 -4.836495e-04  -5.466106e-04  
3.939042e-04 7.109083e+04 7.109239e+04  9.999781e-01  -2.707211e+08 -4.893778e-04  -5.523985e-04  
3.980320e-04 6.998780e+04 6.998935e+04  9.999778e-01  -2.637567e+08 -4.951670e-04  -5.582465e-04  
4.022031e-04 6.890189e+04 6.890344e+04  9.999775e-01  -2.569715e+08 -5.010170e-04  -5.641556e-04  
4.064179e-04 6.783282e+04 6.783437e+04  9.999772e-01  -2.503609e+08 -5.069296e-04  -5.701259e-04  
4.106768e-04 6.678034e+04 6.678188e+04  9.999769e-01  -2.439203e+08 -5.129041e-04  -5.761587e-04  
4.149804e-04 6.574419e+04 6.574573e+04  9.999766e-01  -2.376454e+08 -5.189424e-04  -5.822541e-04  
4.193291e-04 6.472412e+04 6.472565e+04  9.999763e-01  -2.315319e+08 -5.250442e-04  -5.884131e-04  
4.237234e-04 6.371987e+04 6.372140e+04  9.999760e-01  -2.255757e+08 -5.312106e-04  -5.946363e-04  
4.281637e-04 6.273121e+04 6.273273e+04  9.999757e-01  -2.197727e+08 -5.374424e-04  -6.009242e-04  
4.326505e-04 6.175789e+04 6.175941e+04  9.999754e-01  -2.141190e+08 -5.437396e-04  -6.072778e-04  
4.371844e-04 6.079966e+04 6.080118e+04  9.999751e-01  -2.086107e+08 -5.501040e-04  -6.136973e-04  
4.417657e-04 5.985631e+04 5.985782e+04  9.999748e-01  -2.032441e+08 -5.565352e-04  -6.201840e-04  
4.463951e-04 5.892759e+04 5.892910e+04  9.999744e-01  -1.980156e+08 -5.630347e-04  -6.267380e-04  
4.510730e-04 5.801328e+04 5.801478e+04  9.999741e-01  -1.929216e+08 -5.696027e-04  -6.333605e-04  
4.557999e-04 5.711316e+04 5.711466e+04  9.999738e-01  -1.879586e+08 -5.762401e-04  -6.400519e-04  
4.605764e-04 5.622700e+04 5.622849e+04  9.999734e-01  -1.831234e+08 -5.829478e-04  -6.468131e-04  
4.654029e-04 5.535460e+04 5.535608e+04  9.999732e-01  -1.784125e+08 -5.897259e-04  -6.536449e-04  
4.702800e-04 5.449572e+04 5.449721e+04  9.999728e-01  -1.738228e+08 -5.965762e-04  -6.605476e-04  
4.752082e-04 5.365018e+04 5.365166e+04  9.999725e-01  -1.693511e+08 -6.034983e-04  -6.675226e-04  
4.801880e-04 5.281775e+04 5.281922e+04  9.999721e-01  -1.649945e+08 -6.104939e-04  -6.745699e-04  
4.852200e-04 5.199824e+04 5.199971e+04  9.999718e-01  -1.607500e+08 -6.175631e-04  -6.816910e-04  
4.903048e-04 5.119144e+04 5.119291e+04  9.999714e-01  -1.566147e+08 -6.247070e-04  -6.888862e-04  
4.954428e-04 5.039717e+04 5.039863e+04  9.999710e-01  -1.525857e+08 -6.319264e-04  -6.961564e-04  
5.006347e-04 4.961521e+04 4.961667e+04  9.999707e-01  -1.486604e+08 -6.392216e-04  -7.035026e-04  
5.058809e-04 4.884539e+04 4.884684e+04  9.999703e-01  -1.448361e+08 -6.465943e-04  -7.109251e-04  
5.111822e-04 4.808751e+04 4.808896e+04  9.999700e-01  -1.411101e+08 -6.540443e-04  -7.184253e-04  
5.165390e-04 4.734139e+04 4.734283e+04  9.999696e-01  -1.374800e+08 -6.615733e-04  -7.260034e-04  
5.219520e-04 4.660685e+04 4.660829e+04  9.999692e-01  -1.339433e+08 -6.691815e-04  -7.336607e-04  
5.274216e-04 4.588371e+04 4.588514e+04  9.999688e-01  -1.304976e+08 -6.768700e-04  -7.413979e-04  
5.329486e-04 4.517178e+04 4.517321e+04  9.999684e-01  -1.271405e+08 -6.846396e-04  -7.492157e-04  
5.385335e-04 4.447090e+04 4.447232e+04  9.999681e-01  -1.238698e+08 -6.924909e-04  -7.571152e-04  
5.441770e-04 4.378090e+04 4.378231e+04  9.999676e-01  -1.206832e+08 -7.004254e-04  -7.650968e-04  
5.498796e-04 4.310160e+04 4.310301e+04  9.999673e-01  -1.175786e+08 -7.084430e-04  -7.731620e-04  
5.556419e-04 4.243284e+04 4.243425e+04  9.999669e-01  -1.145538e+08 -7.165457e-04  -7.813110e-04  
5.614646e-04 4.177446e+04 4.177586e+04  9.999665e-01  -1.116069e+08 -7.247334e-04  -7.895453e-04  
5.673483e-04 4.112629e+04 4.112769e+04  9.999661e-01  -1.087358e+08 -7.330075e-04  -7.978653e-04  
5.732937e-04 4.048818e+04 4.048957e+04  9.999656e-01  -1.059385e+08 -7.413688e-04  -8.062721e-04  
5.793014e-04 3.985997e+04 3.986135e+04  9.999652e-01  -1.032132e+08 -7.498180e-04  -8.147669e-04  
5.853721e-04 3.924150e+04 3.924289e+04  9.999648e-01  -1.005580e+08 -7.583566e-04  -8.233499e-04  
5.915064e-04 3.863264e+04 3.863401e+04  9.999644e-01  -9.797114e+07 -7.669847e-04  -8.320229e-04  
5.977049e-04 3.803322e+04 3.803459e+04  9.999639e-01  -9.545080e+07 -7.757042e-04  -8.407859e-04  
6.039684e-04 3.744310e+04 3.744446e+04  9.999635e-01  -9.299530e+07 -7.845151e-04  -8.496407e-04  
6.102976e-04 3.686213e+04 3.686349e+04  9.999631e-01  -9.060297e+07 -7.934190e-04  -8.585878e-04  
6.166930e-04 3.629018e+04 3.629154e+04  9.999626e-01  -8.827218e+07 -8.024166e-04  -8.676282e-04  
6.231555e-04 3.572711e+04 3.572846e+04  9.999622e-01  -8.600135e+07 -8.115088e-04  -8.767631e-04  
6.296857e-04 3.517277e+04 3.517412e+04  9.999617e-01  -8.378894e+07 -8.206970e-04  -8.859930e-04  
6.362844e-04 3.462703e+04 3.462837e+04  9.999613e-01  -8.163344e+07 -8.299816e-04  -8.953197e-04  
6.429522e-04 3.408976e+04 3.409110e+04  9.999608e-01  -7.953340e+07 -8.393643e-04  -9.047432e-04  
6.496898e-04 3.356082e+04 3.356216e+04  9.999603e-01  -7.748738e+07 -8.488455e-04  -9.142655e-04  
6.564981e-04 3.304010e+04 3.304142e+04  9.999598e-01  -7.549399e+07 -8.584266e-04  -9.238869e-04  
6.633777e-04 3.252745e+04 3.252877e+04  9.999593e-01  -7.355188e+07 -8.681085e-04  -9.336088e-04  
6.703294e-04 3.202275e+04 3.202407e+04  9.999589e-01  -7.165974e+07 -8.778921e-04  -9.434323e-04  
6.773540e-04 3.152589e+04 3.152720e+04  9.999584e-01  -6.981627e+07 -8.877789e-04  -9.533581e-04  
6.844522e-04 3.103673e+04 3.103804e+04  9.999579e-01  -6.802022e+07 -8.977694e-04  -9.633878e-04  
6.916247e-04 3.055517e+04 3.055647e+04  9.999574e-01  -6.627038e+07 -9.078654e-04  -9.735218e-04  
6.988724e-04 3.008108e+04 3.008237e+04  9.999569e-01  -6.456555e+07 -9.180673e-04  -9.837619e-04  
7.061961e-04 2.961434e+04 2.961563e+04  9.999564e-01  -6.290458e+07 -9.283766e-04  -9.941087e-04  
7.135965e-04 2.915484e+04 2.915613e+04  9.999558e-01  -6.128634e+07 -9.387944e-04  -1.004564e-03  
7.210745e-04 2.870248e+04 2.870376e+04  9.999553e-01  -5.970973e+07 -9.493215e-04  -1.015128e-03  
7.286308e-04 2.825713e+04 2.825841e+04  9.999548e-01  -5.817368e+07 -9.599597e-04  -1.025802e-03  
7.362663e-04 2.781869e+04 2.781996e+04  9.999543e-01  -5.667714e+07 -9.707093e-04  -1.036588e-03  
7.439819e-04 2.738705e+04 2.738832e+04  9.999537e-01  -5.521910e+07 -9.815724e-04  -1.047486e-03  
7.517782e-04 2.696212e+04 2.696338e+04  9.999532e-01  -5.379857e+07 -9.925493e-04  -1.058498e-03  
7.596563e-04 2.654377e+04 2.654503e+04  9.999526e-01  -5.241458e+07 -1.003642e-03  -1.069625e-03  
7.676170e-04 2.613192e+04 2.613317e+04  9.999521e-01  -5.106620e+07 -1.014851e-03  -1.080868e-03  
7.756610e-04 2.572645e+04 2.572770e+04  9.999515e-01  -4.975251e+07 -1.026178e-03  -1.092229e-03  
7.837894e-04 2.532728e+04 2.532852e+04  9.999509e-01  -4.847261e+07 -1.037624e-03  -1.103708e-03  
7.920029e-04 2.493430e+04 2.493554e+04  9.999504e-01  -4.722563e+07 -1.049190e-03  -1.115307e-03  
8.003025e-04 2.454742e+04 2.454865e+04  9.999498e-01  -4.601073e+07 -1.060878e-03  -1.127027e-03  
8.086891e-04 2.416654e+04 2.416777e+04  9.999492e-01  -4.482709e+07 -1.072688e-03  -1.138870e-03  
8.171636e-04 2.379157e+04 2.379279e+04  9.999486e-01  -4.367390e+07 -1.084623e-03  -1.150836e-03  
8.257269e-04 2.342242e+04 2.342364e+04  9.999480e-01  -4.255037e+07 -1.096683e-03  -1.162927e-03  
8.343799e-04 2.305900e+04 2.306021e+04  9.999474e-01  -4.145575e+07 -1.108870e-03  -1.175145e-03  
8.431236e-04 2.270121e+04 2.270242e+04  9.999467e-01  -4.038929e+07 -1.121185e-03  -1.187489e-03  
8.519589e-04 2.234898e+04 2.235018e+04  9.999462e-01  -3.935026e+07 -1.133629e-03  -1.199963e-03  
8.608868e-04 2.200221e+04 2.200341e+04  9.999455e-01  -3.833796e+07 -1.146204e-03  -1.212567e-03  
8.699082e-04 2.166082e+04 2.166201e+04  9.999449e-01  -3.735170e+07 -1.158911e-03  -1.225303e-03  
8.790242e-04 2.132473e+04 2.132592e+04  9.999442e-01  -3.639081e+07 -1.171751e-03  -1.238171e-03  
8.882358e-04 2.099385e+04 2.099503e+04  9.999436e-01  -3.545465e+07 -1.184726e-03  -1.251174e-03  
8.975438e-04 2.066811e+04 2.066929e+04  9.999430e-01  -3.454256e+07 -1.197838e-03  -1.264313e-03  
9.069494e-04 2.034742e+04 2.034859e+04  9.999423e-01  -3.365394e+07 -1.211087e-03  -1.277589e-03  
9.164536e-04 2.003170e+04 2.003287e+04  9.999417e-01  -3.278818e+07 -1.224475e-03  -1.291004e-03  
9.260573e-04 1.972089e+04 1.972205e+04  9.999409e-01  -3.194469e+07 -1.238004e-03  -1.304558e-03  
9.357617e-04 1.941490e+04 1.941606e+04  9.999403e-01  -3.112290e+07 -1.251675e-03  -1.318254e-03  
9.455678e-04 1.911365e+04 1.911481e+04  9.999396e-01  -3.032225e+07 -1.265490e-03  -1.332093e-03  
9.554767e-04 1.881708e+04 1.881823e+04  9.999389e-01  -2.954220e+07 -1.279449e-03  -1.346077e-03  
9.654894e-04 1.852511e+04 1.852626e+04  9.999382e-01  -2.878222e+07 -1.293555e-03  -1.360206e-03  
9.756070e-04 1.823767e+04 1.823881e+04  9.999374e-01  -2.804178e+07 -1.307809e-03  -1.374483e-03  
9.858306e-04 1.795469e+04 1.795583e+04  9.999368e-01  -2.732040e+07 -1.322213e-03  -1.388910e-03  
9.961614e-04 1.767611e+04 1.767724e+04  9.999360e-01  -2.661757e+07 -1.336768e-03  -1.403486e-03  
1.006600e-03 1.740184e+04 1.740297e+04  9.999353e-01  -2.593282e+07 -1.351475e-03  -1.418216e-03  
1.017149e-03 1.713183e+04 1.713295e+04  9.999345e-01  -2.526569e+07 -1.366337e-03  -1.433098e-03  
1.027808e-03 1.686601e+04 1.686712e+04  9.999338e-01  -2.461572e+07 -1.381355e-03  -1.448137e-03  
1.038579e-03 1.660431e+04 1.660542e+04  9.999331e-01  -2.398247e+07 -1.396531e-03  -1.463332e-03  
1.049462e-03 1.634667e+04 1.634778e+04  9.999323e-01  -2.336551e+07 -1.411866e-03  -1.478686e-03  
1.060460e-03 1.609304e+04 1.609414e+04  9.999315e-01  -2.276443e+07 -1.427361e-03  -1.494200e-03  
1.071573e-03 1.584333e+04 1.584443e+04  9.999307e-01  -2.217880e+07 -1.443020e-03  -1.509876e-03  
1.082802e-03 1.559750e+04 1.559860e+04  9.999299e-01  -2.160824e+07 -1.458842e-03  -1.525716e-03  
1.094149e-03 1.535549e+04 1.535658e+04  9.999291e-01  -2.105236e+07 -1.474830e-03  -1.541721e-03  
1.105615e-03 1.511723e+04 1.511831e+04  9.999283e-01  -2.051078e+07 -1.490987e-03  -1.557893e-03  
1.117201e-03 1.488266e+04 1.488374e+04  9.999275e-01  -1.998313e+07 -1.507312e-03  -1.574235e-03  
1.128908e-03 1.465174e+04 1.465281e+04  9.999267e-01  -1.946906e+07 -1.523809e-03  -1.590746e-03  
1.140738e-03 1.442440e+04 1.442547e+04  9.999259e-01  -1.896821e+07 -1.540479e-03  -1.607431e-03  
1.152692e-03 1.420059e+04 1.420165e+04  9.999250e-01  -1.848024e+07 -1.557324e-03  -1.624289e-03  
1.164772e-03 1.398025e+04 1.398131e+04  9.999242e-01  -1.800483e+07 -1.574345e-03  -1.641323e-03  
1.176978e-03 1.376332e+04 1.376438e+04  9.999233e-01  -1.754165e+07 -1.591545e-03  -1.658535e-03  
1.189312e-03 1.354977e+04 1.355082e+04  9.999224e-01  -1.709038e+07 -1.608926e-03  -1.675927e-03  
1.201775e-03 1.333952e+04 1.334057e+04  9.999216e-01  -1.665072e+07 -1.626488e-03  -1.693501e-03  
1.214368e-03 1.313254e+04 1.313359e+04  9.999206e-01  -1.622238e+07 -1.644235e-03  -1.711258e-03  
1.227094e-03 1.292877e+04 1.292981e+04  9.999198e-01  -1.580505e+07 -1.662168e-03  -1.729200e-03  
1.239953e-03 1.272817e+04 1.272920e+04  9.999188e-01  -1.539846e+07 -1.680288e-03  -1.747329e-03  
1.252947e-03 1.253067e+04 1.253170e+04  9.999180e-01  -1.500232e+07 -1.698599e-03  -1.765649e-03  
1.266077e-03 1.233624e+04 1.233726e+04  9.999170e-01  -1.461638e+07 -1.717102e-03  -1.784158e-03  
1.279344e-03 1.214483e+04 1.214585e+04  9.999161e-01  -1.424037e+07 -1.735799e-03  -1.802862e-03  
1.292751e-03 1.195638e+04 1.195740e+04  9.999151e-01  -1.387403e+07 -1.754691e-03  -1.821760e-03  
1.306298e-03 1.177086e+04 1.177187e+04  9.999142e-01  -1.351711e+07 -1.773782e-03  -1.840856e-03  
1.319987e-03 1.158822e+04 1.158923e+04  9.999132e-01  -1.316938e+07 -1.793073e-03  -1.860151e-03  
1.333820e-03 1.140841e+04 1.140941e+04  9.999122e-01  -1.283059e+07 -1.812566e-03  -1.879648e-03  
1.347797e-03 1.123139e+04 1.123239e+04  9.999113e-01  -1.250052e+07 -1.832263e-03  -1.899348e-03  
1.361921e-03 1.105712e+04 1.105811e+04  9.999102e-01  -1.217893e+07 -1.852167e-03  -1.919253e-03  
1.376193e-03 1.088556e+04 1.088654e+04  9.999093e-01  -1.186563e+07 -1.872279e-03  -1.939367e-03  
1.390614e-03 1.071665e+04 1.071763e+04  9.999082e-01  -1.156038e+07 -1.892602e-03  -1.959690e-03  
1.405187e-03 1.055036e+04 1.055134e+04  9.999072e-01  -1.126298e+07 -1.913139e-03  -1.980226e-03  
1.419912e-03 1.038666e+04 1.038763e+04  9.999062e-01  -1.097323e+07 -1.933890e-03  -2.000976e-03  
1.434792e-03 1.022549e+04 1.022647e+04  9.999051e-01  -1.069094e+07 -1.954859e-03  -2.021942e-03  
1.449828e-03 1.006683e+04 1.006780e+04  9.999041e-01  -1.041591e+07 -1.976047e-03  -2.043127e-03  
1.465021e-03 9.910628e+03 9.911590e+03  9.999030e-01  -1.014796e+07 -1.997458e-03  -2.064533e-03  
1.480373e-03 9.756850e+03 9.757807e+03  9.999019e-01  -9.886897e+06 -2.019092e-03  -2.086163e-03  
1.495886e-03 9.605457e+03 9.606410e+03  9.999008e-01  -9.632551e+06 -2.040954e-03  -2.108018e-03  
1.511562e-03 9.456413e+03 9.457362e+03  9.998997e-01  -9.384749e+06 -2.063044e-03  -2.130102e-03  
1.527402e-03 9.309682e+03 9.310626e+03  9.998986e-01  -9.143321e+06 -2.085366e-03  -2.152416e-03  
1.543408e-03 9.165227e+03 9.166167e+03  9.998974e-01  -8.908104e+06 -2.107922e-03  -2.174962e-03  
1.559582e-03 9.023014e+03 9.023950e+03  9.998963e-01  -8.678939e+06 -2.130714e-03  -2.197745e-03  
1.575925e-03 8.883007e+03 8.883939e+03  9.998951e-01  -8.455668e+06 -2.153744e-03  -2.220764e-03  
1.592440e-03 8.745173e+03 8.746100e+03  9.998940e-01  -8.238142e+06 -2.177016e-03  -2.244024e-03  
1.609127e-03 8.609477e+03 8.610400e+03  9.998928e-01  -8.026211e+06 -2.200532e-03  -2.267527e-03  
1.625990e-03 8.475887e+03 8.476806e+03  9.998916e-01  -7.819732e+06 -2.224294e-03  -2.291274e-03  
1.643029e-03 8.344370e+03 8.345284e+03  9.998904e-01  -7.618566e+06 -2.248305e-03  -2.315270e-03  
1.660247e-03 8.214893e+03 8.215803e+03  9.998892e-01  -7.422574e+06 -2.272567e-03  -2.339516e-03  
1.677645e-03 8.087425e+03 8.088331e+03  9.998880e-01  -7.231624e+06 -2.297083e-03  -2.364015e-03  
1.695225e-03 7.961934e+03 7.962837e+03  9.998867e-01  -7.045586e+06 -2.321856e-03  -2.388769e-03  
1.712990e-03 7.838392e+03 7.839289e+03  9.998855e-01  -6.864335e+06 -2.346889e-03  -2.413782e-03  
1.730941e-03 7.716765e+03 7.717659e+03  9.998842e-01  -6.687746e+06 -2.372183e-03  -2.439055e-03  
1.749080e-03 7.597026e+03 7.597916e+03  9.998829e-01  -6.515699e+06 -2.397743e-03  -2.464592e-03  
1.767409e-03 7.479145e+03 7.480031e+03  9.998816e-01  -6.348079e+06 -2.423570e-03  -2.490396e-03  
1.785930e-03 7.363093e+03 7.363974e+03  9.998803e-01  -6.184771e+06 -2.449667e-03  -2.516469e-03  
1.804645e-03 7.248841e+03 7.249719e+03  9.998790e-01  -6.025664e+06 -2.476038e-03  -2.542814e-03  
1.823557e-03 7.136362e+03 7.137236e+03  9.998776e-01  -5.870651e+06 -2.502684e-03  -2.569433e-03  
1.842666e-03 7.025629e+03 7.026498e+03  9.998763e-01  -5.719625e+06 -2.529610e-03  -2.596330e-03  
1.861976e-03 6.916613e+03 6.917479e+03  9.998749e-01  -5.572484e+06 -2.556817e-03  -2.623507e-03  
1.881488e-03 6.809289e+03 6.810151e+03  9.998735e-01  -5.429128e+06 -2.584310e-03  -2.650968e-03  
1.901205e-03 6.703631e+03 6.704488e+03  9.998722e-01  -5.289461e+06 -2.612090e-03  -2.678716e-03  
1.921128e-03 6.599611e+03 6.600464e+03  9.998707e-01  -5.153386e+06 -2.640160e-03  -2.706752e-03  
1.941260e-03 6.497206e+03 6.498055e+03  9.998693e-01  -5.020812e+06 -2.668525e-03  -2.735082e-03  
1.961603e-03 6.396389e+03 6.397235e+03  9.998678e-01  -4.891648e+06 -2.697186e-03  -2.763706e-03  
1.982159e-03 6.297137e+03 6.297978e+03  9.998664e-01  -4.765808e+06 -2.726148e-03  -2.792629e-03  
2.002931e-03 6.199425e+03 6.200262e+03  9.998649e-01  -4.643204e+06 -2.755412e-03  -2.821853e-03  
2.023920e-03 6.103229e+03 6.104062e+03  9.998635e-01  -4.523755e+06 -2.784983e-03  -2.851382e-03  
2.045129e-03 6.008525e+03 6.009355e+03  9.998620e-01  -4.407378e+06 -2.814863e-03  -2.881220e-03  
2.066561e-03 5.915291e+03 5.916117e+03  9.998604e-01  -4.293996e+06 -2.845056e-03  -2.911367e-03  
2.088217e-03 5.823504e+03 5.824325e+03  9.998589e-01  -4.183530e+06 -2.875565e-03  -2.941830e-03  
2.110100e-03 5.733140e+03 5.733958e+03  9.998573e-01  -4.075906e+06 -2.906393e-03  -2.972609e-03  
2.132212e-03 5.644179e+03 5.644993e+03  9.998558e-01  -3.971050e+06 -2.937544e-03  -3.003711e-03  
2.154556e-03 5.556598e+03 5.557408e+03  9.998542e-01  -3.868892e+06 -2.969020e-03  -3.035135e-03  
2.177134e-03 5.470376e+03 5.471182e+03  9.998526e-01  -3.769362e+06 -3.000825e-03  -3.066887e-03  
2.199949e-03 5.385492e+03 5.386294e+03  9.998510e-01  -3.672393e+06 -3.032964e-03  -3.098971e-03  
2.223003e-03 5.301924e+03 5.302723e+03  9.998493e-01  -3.577918e+06 -3.065438e-03  -3.131388e-03  
2.246298e-03 5.219654e+03 5.220449e+03  9.998477e-01  -3.485874e+06 -3.098253e-03  -3.164144e-03  
2.269838e-03 5.138660e+03 5.139451e+03  9.998460e-01  -3.396197e+06 -3.131410e-03  -3.197240e-03  
2.293624e-03 5.058923e+03 5.059710e+03  9.998444e-01  -3.308828e+06 -3.164915e-03  -3.230682e-03  
2.317659e-03 4.980423e+03 4.981206e+03  9.998426e-01  -3.223706e+06 -3.198770e-03  -3.264472e-03  
2.341947e-03 4.903140e+03 4.903921e+03  9.998409e-01  -3.140774e+06 -3.232979e-03  -3.298614e-03  
2.366489e-03 4.827058e+03 4.827834e+03  9.998392e-01  -3.059975e+06 -3.267545e-03  -3.333112e-03  
2.391288e-03 4.752155e+03 4.752928e+03  9.998374e-01  -2.981255e+06 -3.302473e-03  -3.367969e-03  
2.416347e-03 4.678415e+03 4.679184e+03  9.998357e-01  -2.904560e+06 -3.337767e-03  -3.403190e-03  
2.441668e-03 4.605818e+03 4.606584e+03  9.998338e-01  -2.829838e+06 -3.373429e-03  -3.438776e-03  
2.467255e-03 4.534349e+03 4.535111e+03  9.998321e-01  -2.757038e+06 -3.409465e-03  -3.474735e-03  
2.493110e-03 4.463988e+03 4.464746e+03  9.998302e-01  -2.686111e+06 -3.445877e-03  -3.511067e-03  
2.519236e-03 4.394719e+03 4.395473e+03  9.998284e-01  -2.617009e+06 -3.482670e-03  -3.547778e-03  
2.545636e-03 4.326525e+03 4.327276e+03  9.998265e-01  -2.549685e+06 -3.519848e-03  -3.584871e-03  
2.572312e-03 4.259388e+03 4.260136e+03  9.998246e-01  -2.484092e+06 -3.557414e-03  -3.622350e-03  
2.599268e-03 4.193294e+03 4.194038e+03  9.998227e-01  -2.420187e+06 -3.595374e-03  -3.660221e-03  
2.626507e-03 4.128225e+03 4.128965e+03  9.998207e-01  -2.357926e+06 -3.633729e-03  -3.698484e-03  
2.654030e-03 4.064166e+03 4.064902e+03  9.998188e-01  -2.297266e+06 -3.672486e-03  -3.737148e-03  
2.681843e-03 4.001100e+03 4.001833e+03  9.998168e-01  -2.238167e+06 -3.711648e-03  -3.776212e-03  
2.709946e-03 3.939014e+03 3.939743e+03  9.998148e-01  -2.180588e+06 -3.751220e-03  -3.815684e-03  
2.738345e-03 3.877890e+03 3.878616e+03  9.998128e-01  -2.124491e+06 -3.791205e-03  -3.855566e-03  
2.767041e-03 3.817715e+03 3.818437e+03  9.998108e-01  -2.069837e+06 -3.831607e-03  -3.895864e-03  
2.796037e-03 3.758474e+03 3.759193e+03  9.998087e-01  -2.016588e+06 -3.872433e-03  -3.936582e-03  
2.825338e-03 3.700151e+03 3.700867e+03  9.998066e-01  -1.964710e+06 -3.913685e-03  -3.977722e-03  
2.854945e-03 3.642734e+03 3.643446e+03  9.998046e-01  -1.914166e+06 -3.955368e-03  -4.019292e-03  
2.884863e-03 3.586208e+03 3.586916e+03  9.998024e-01  -1.864923e+06 -3.997486e-03  -4.061293e-03  
2.915094e-03 3.530558e+03 3.531264e+03  9.998003e-01  -1.816946e+06 -4.040045e-03  -4.103732e-03  
2.945642e-03 3.475772e+03 3.476474e+03  9.997981e-01  -1.770203e+06 -4.083049e-03  -4.146612e-03  
2.976510e-03 3.421837e+03 3.422535e+03  9.997959e-01  -1.724663e+06 -4.126501e-03  -4.189939e-03  
3.007702e-03 3.368738e+03 3.369433e+03  9.997937e-01  -1.680295e+06 -4.170408e-03  -4.233717e-03  
3.039220e-03 3.316463e+03 3.317155e+03  9.997914e-01  -1.637068e+06 -4.214773e-03  -4.277949e-03  
3.071069e-03 3.264999e+03 3.265687e+03  9.997892e-01  -1.594953e+06 -4.259603e-03  -4.322644e-03  
3.103252e-03 3.214333e+03 3.215019e+03  9.997869e-01  -1.553921e+06 -4.304900e-03  -4.367799e-03  
3.135771e-03 3.164454e+03 3.165136e+03  9.997846e-01  -1.513945e+06 -4.350671e-03  -4.413428e-03  
3.168632e-03 3.115349e+03 3.116027e+03  9.997823e-01  -1.474998e+06 -4.396919e-03  -4.459530e-03  
3.201837e-03 3.067005e+03 3.067681e+03  9.997799e-01  -1.437052e+06 -4.443651e-03  -4.506111e-03  
3.235390e-03 3.019412e+03 3.020084e+03  9.997775e-01  -1.400082e+06 -4.490872e-03  -4.553178e-03  
3.269294e-03 2.972557e+03 2.973226e+03  9.997751e-01  -1.364064e+06 -4.538584e-03  -4.600732e-03  
3.303554e-03 2.926430e+03 2.927095e+03  9.997727e-01  -1.328972e+06 -4.586797e-03  -4.648784e-03  
3.338173e-03 2.881018e+03 2.881680e+03  9.997702e-01  -1.294783e+06 -4.635510e-03  -4.697331e-03  
3.373155e-03 2.836310e+03 2.836969e+03  9.997677e-01  -1.261474e+06 -4.684735e-03  -4.746386e-03  
3.408503e-03 2.792296e+03 2.792952e+03  9.997652e-01  -1.229021e+06 -4.734472e-03  -4.795949e-03  
3.444221e-03 2.748966e+03 2.749618e+03  9.997627e-01  -1.197403e+06 -4.784729e-03  -4.846028e-03  
3.480314e-03 2.706307e+03 2.706957e+03  9.997601e-01  -1.166599e+06 -4.835511e-03  -4.896628e-03  
3.516785e-03 2.664311e+03 2.664957e+03  9.997575e-01  -1.136587e+06 -4.886823e-03  -4.947752e-03  
3.553639e-03 2.622966e+03 2.623609e+03  9.997549e-01  -1.107347e+06 -4.938672e-03  -4.999412e-03  
3.590878e-03 2.582262e+03 2.582902e+03  9.997522e-01  -1.078859e+06 -4.991060e-03  -5.051602e-03  
3.628508e-03 2.542190e+03 2.542827e+03  9.997496e-01  -1.051105e+06 -5.043997e-03  -5.104339e-03  
3.666532e-03 2.502740e+03 2.503374e+03  9.997468e-01  -1.024064e+06 -5.097485e-03  -5.157622e-03  
3.704955e-03 2.463902e+03 2.464533e+03  9.997441e-01  -9.977188e+05 -5.151532e-03  -5.211459e-03  
3.743780e-03 2.425667e+03 2.426295e+03  9.997414e-01  -9.720515e+05 -5.206143e-03  -5.265856e-03  
3.783012e-03 2.388025e+03 2.388649e+03  9.997385e-01  -9.470444e+05 -5.261324e-03  -5.320815e-03  
3.822655e-03 2.350967e+03 2.351588e+03  9.997358e-01  -9.226807e+05 -5.317082e-03  -5.376350e-03  
3.862714e-03 2.314484e+03 2.315102e+03  9.997329e-01  -8.989437e+05 -5.373420e-03  -5.432455e-03  
3.903192e-03 2.278567e+03 2.279182e+03  9.997300e-01  -8.758174e+05 -5.430348e-03  -5.489149e-03  
3.944095e-03 2.243207e+03 2.243820e+03  9.997271e-01  -8.532861e+05 -5.487868e-03  -5.546427e-03  
3.985426e-03 2.208397e+03 2.209006e+03  9.997242e-01  -8.313343e+05 -5.545989e-03  -5.604301e-03  
4.027190e-03 2.174126e+03 2.174732e+03  9.997212e-01  -8.099473e+05 -5.604717e-03  -5.662777e-03  
4.069392e-03 2.140387e+03 2.140990e+03  9.997182e-01  -7.891105e+05 -5.664057e-03  -5.721857e-03  
4.112036e-03 2.107171e+03 2.107772e+03  9.997152e-01  -7.688098e+05 -5.724018e-03  -5.781556e-03  
4.155128e-03 2.074471e+03 2.075069e+03  9.997120e-01  -7.490312e+05 -5.784601e-03  -5.841867e-03  
4.198670e-03 2.042278e+03 2.042873e+03  9.997090e-01  -7.297616e+05 -5.845820e-03  -5.902810e-03  
4.242669e-03 2.010585e+03 2.011177e+03  9.997058e-01  -7.109876e+05 -5.907674e-03  -5.964380e-03  
4.287129e-03 1.979384e+03 1.979972e+03  9.997027e-01  -6.926966e+05 -5.970175e-03  -6.026593e-03  
4.332055e-03 1.948666e+03 1.949252e+03  9.996995e-01  -6.748762e+05 -6.033328e-03  -6.089450e-03  
4.377452e-03 1.918426e+03 1.919009e+03  9.996962e-01  -6.575142e+05 -6.097139e-03  -6.152957e-03  
4.423324e-03 1.888654e+03 1.889234e+03  9.996930e-01  -6.405988e+05 -6.161617e-03  -6.217127e-03  
4.469678e-03 1.859345e+03 1.859922e+03  9.996896e-01  -6.241186e+05 -6.226765e-03  -6.281956e-03  
4.516517e-03 1.830490e+03 1.831064e+03  9.996863e-01  -6.080624e+05 -6.292595e-03  -6.347465e-03  
4.563846e-03 1.802083e+03 1.802654e+03  9.996829e-01  -5.924192e+05 -6.359109e-03  -6.413646e-03  
4.611672e-03 1.774117e+03 1.774685e+03  9.996795e-01  -5.771785e+05 -6.426318e-03  -6.480517e-03  
4.659999e-03 1.746584e+03 1.747150e+03  9.996761e-01  -5.623299e+05 -6.494227e-03  -6.548080e-03  
4.708832e-03 1.719479e+03 1.720042e+03  9.996726e-01  -5.478632e+05 -6.562844e-03  -6.616342e-03  
4.758178e-03 1.692795e+03 1.693355e+03  9.996691e-01  -5.337687e+05 -6.632178e-03  -6.685316e-03  
4.808040e-03 1.666524e+03 1.667082e+03  9.996655e-01  -5.200368e+05 -6.702231e-03  -6.754998e-03  
4.858424e-03 1.640662e+03 1.641216e+03  9.996619e-01  -5.066582e+05 -6.773019e-03  -6.825410e-03  
4.909337e-03 1.615200e+03 1.615752e+03  9.996583e-01  -4.936237e+05 -6.844540e-03  -6.896542e-03  
4.960783e-03 1.590134e+03 1.590683e+03  9.996546e-01  -4.809246e+05 -6.916809e-03  -6.968417e-03  
5.012769e-03 1.565456e+03 1.566003e+03  9.996509e-01  -4.685522e+05 -6.989831e-03  -7.041034e-03  
5.065299e-03 1.541161e+03 1.541705e+03  9.996471e-01  -4.564980e+05 -7.063613e-03  -7.114404e-03  
5.118380e-03 1.517244e+03 1.517785e+03  9.996434e-01  -4.447540e+05 -7.138166e-03  -7.188536e-03  
5.172016e-03 1.493697e+03 1.494236e+03  9.996395e-01  -4.333121e+05 -7.213493e-03  -7.263429e-03  
5.226215e-03 1.470516e+03 1.471052e+03  9.996357e-01  -4.221645e+05 -7.289608e-03  -7.339107e-03  
5.280982e-03 1.447695e+03 1.448228e+03  9.996317e-01  -4.113038e+05 -7.366512e-03  -7.415557e-03  
5.336323e-03 1.425227e+03 1.425758e+03  9.996278e-01  -4.007224e+05 -7.444220e-03  -7.492806e-03  
5.392244e-03 1.403109e+03 1.403637e+03  9.996238e-01  -3.904132e+05 -7.522736e-03  -7.570851e-03  
5.448751e-03 1.381333e+03 1.381859e+03  9.996198e-01  -3.803693e+05 -7.602071e-03  -7.649704e-03  
5.505849e-03 1.359896e+03 1.360419e+03  9.996157e-01  -3.705837e+05 -7.682233e-03  -7.729375e-03  
5.563547e-03 1.338791e+03 1.339311e+03  9.996115e-01  -3.610499e+05 -7.763226e-03  -7.809865e-03  
5.621849e-03 1.318013e+03 1.318531e+03  9.996074e-01  -3.517614e+05 -7.845069e-03  -7.891198e-03  
5.680761e-03 1.297558e+03 1.298073e+03  9.996032e-01  -3.427118e+05 -7.927756e-03  -7.973357e-03  
5.740292e-03 1.277421e+03 1.277933e+03  9.995989e-01  -3.338950e+05 -8.011310e-03  -8.056377e-03  
5.800446e-03 1.257595e+03 1.258105e+03  9.995946e-01  -3.253050e+05 -8.095731e-03  -8.140248e-03  
5.861230e-03 1.238078e+03 1.238585e+03  9.995903e-01  -3.169360e+05 -8.181032e-03  -8.224989e-03  
5.922651e-03 1.218863e+03 1.219368e+03  9.995859e-01  -3.087824e+05 -8.267222e-03  -8.310608e-03  
5.984716e-03 1.199946e+03 1.200449e+03  9.995814e-01  -3.008385e+05 -8.354306e-03  -8.397106e-03  
6.047432e-03 1.181323e+03 1.181823e+03  9.995770e-01  -2.930989e+05 -8.442302e-03  -8.484509e-03  
6.110804e-03 1.162989e+03 1.163487e+03  9.995724e-01  -2.855585e+05 -8.531207e-03  -8.572799e-03  
6.174841e-03 1.144940e+03 1.145435e+03  9.995679e-01  -2.782120e+05 -8.621043e-03  -8.662014e-03  
6.239549e-03 1.127170e+03 1.127663e+03  9.995632e-01  -2.710546e+05 -8.711809e-03  -8.752141e-03  
6.304935e-03 1.109677e+03 1.110167e+03  9.995585e-01  -2.640812e+05 -8.803522e-03  -8.843204e-03  
6.371006e-03 1.092454e+03 1.092942e+03  9.995538e-01  -2.572873e+05 -8.896189e-03  -8.935207e-03  
6.437769e-03 1.075499e+03 1.075984e+03  9.995490e-01  -2.506682e+05 -8.989819e-03  -9.028155e-03  
6.505233e-03 1.058807e+03 1.059290e+03  9.995442e-01  -2.442193e+05 -9.084427e-03  -9.122073e-03  
6.573403e-03 1.042374e+03 1.042855e+03  9.995393e-01  -2.379363e+05 -9.180012e-03  -9.216945e-03  
6.642287e-03 1.026196e+03 1.026674e+03  9.995344e-01  -2.318150e+05 -9.276599e-03  -9.312810e-03  
6.711893e-03 1.010269e+03 1.010745e+03  9.995294e-01  -2.258512e+05 -9.374183e-03  -9.409651e-03  
6.782229e-03 9.945893e+02 9.950627e+02  9.995243e-01  -2.200407e+05 -9.472787e-03  -9.507500e-03  
6.853302e-03 9.791528e+02 9.796238e+02  9.995192e-01  -2.143798e+05 -9.572414e-03  -9.606355e-03  
6.925119e-03 9.639558e+02 9.644245e+02  9.995141e-01  -2.088645e+05 -9.673076e-03  -9.706227e-03  
6.997690e-03 9.489947e+02 9.494610e+02  9.995089e-01  -2.034911e+05 -9.774790e-03  -9.807138e-03  
7.071020e-03 9.342656e+02 9.347296e+02  9.995036e-01  -1.982559e+05 -9.877553e-03  -9.909073e-03  
7.145119e-03 9.197652e+02 9.202269e+02  9.994983e-01  -1.931554e+05 -9.981393e-03  -1.001208e-02  
7.219995e-03 9.054897e+02 9.059491e+02  9.994929e-01  -1.881861e+05 -1.008630e-02  -1.011612e-02  
7.295655e-03 8.914358e+02 8.918929e+02  9.994875e-01  -1.833447e+05 -1.019231e-02  -1.022125e-02  
7.372108e-03 8.776000e+02 8.780548e+02  9.994820e-01  -1.786278e+05 -1.029942e-02  -1.032746e-02  
7.449362e-03 8.639788e+02 8.644313e+02  9.994765e-01  -1.740322e+05 -1.040763e-02  -1.043476e-02  
7.527426e-03 8.505690e+02 8.510193e+02  9.994709e-01  -1.695549e+05 -1.051698e-02  -1.054318e-02  
7.606308e-03 8.373672e+02 8.378153e+02  9.994652e-01  -1.651928e+05 -1.062746e-02  -1.065269e-02  
7.686017e-03 8.243704e+02 8.248162e+02  9.994595e-01  -1.609429e+05 -1.073909e-02  -1.076336e-02  
7.766561e-03 8.115752e+02 8.120188e+02  9.994537e-01  -1.568023e+05 -1.085187e-02  -1.087514e-02  
7.847948e-03 7.989786e+02 7.994200e+02  9.994479e-01  -1.527682e+05 -1.096583e-02  -1.098808e-02  
7.930189e-03 7.865774e+02 7.870166e+02  9.994420e-01  -1.488380e+05 -1.108097e-02  -1.110218e-02  
8.013292e-03 7.743686e+02 7.748057e+02  9.994360e-01  -1.450088e+05 -1.119731e-02  -1.121745e-02  
8.097265e-03 7.623494e+02 7.627842e+02  9.994300e-01  -1.412781e+05 -1.131486e-02  -1.133392e-02  
8.182118e-03 7.505166e+02 7.509492e+02  9.994238e-01  -1.376435e+05 -1.143362e-02  -1.145157e-02  
8.267861e-03 7.388674e+02 7.392979e+02  9.994177e-01  -1.341023e+05 -1.155362e-02  -1.157045e-02  
8.354502e-03 7.273990e+02 7.278274e+02  9.994114e-01  -1.306522e+05 -1.167486e-02  -1.169052e-02  
8.442051e-03 7.161086e+02 7.165348e+02  9.994052e-01  -1.272909e+05 -1.179737e-02  -1.181185e-02  
8.530518e-03 7.049933e+02 7.054174e+02  9.993988e-01  -1.240161e+05 -1.192114e-02  -1.193441e-02  
8.619911e-03 6.940506e+02 6.944725e+02  9.993924e-01  -1.208255e+05 -1.204619e-02  -1.205824e-02  
8.710242e-03 6.832776e+02 6.836975e+02  9.993859e-01  -1.177170e+05 -1.217255e-02  -1.218333e-02  
8.801518e-03 6.726718e+02 6.730896e+02  9.993793e-01  -1.146885e+05 -1.230021e-02  -1.230971e-02  
8.893752e-03 6.622306e+02 6.626463e+02  9.993727e-01  -1.117378e+05 -1.242921e-02  -1.243740e-02  
8.986952e-03 6.519514e+02 6.523650e+02  9.993659e-01  -1.088631e+05 -1.255953e-02  -1.256637e-02  
9.081129e-03 6.418317e+02 6.422433e+02  9.993592e-01  -1.060624e+05 -1.269122e-02  -1.269669e-02  
9.176292e-03 6.318691e+02 6.322786e+02  9.993523e-01  -1.033337e+05 -1.282425e-02  -1.282833e-02  
9.272453e-03 6.220610e+02 6.224685e+02  9.993454e-01  -1.006752e+05 -1.295868e-02  -1.296133e-02  
9.369621e-03 6.124052e+02 6.128106e+02  9.993384e-01  -9.808506e+04 -1.309450e-02  -1.309569e-02  
9.467808e-03 6.028992e+02 6.033026e+02  9.993313e-01  -9.556158e+04 -1.323172e-02  -1.323142e-02  
9.567024e-03 5.935407e+02 5.939421e+02  9.993242e-01  -9.310303e+04 -1.337038e-02  -1.336856e-02  
9.667279e-03 5.843274e+02 5.847268e+02  9.993169e-01  -9.070773e+04 -1.351045e-02  -1.350707e-02  
9.768585e-03 5.752571e+02 5.756545e+02  9.993097e-01  -8.837405e+04 -1.365200e-02  -1.364704e-02  
9.870953e-03 5.663275e+02 5.667230e+02  9.993022e-01  -8.610040e+04 -1.379499e-02  -1.378840e-02  
9.974393e-03 5.575366e+02 5.579300e+02  9.992948e-01  -8.388525e+04 -1.393948e-02  -1.393124e-02  
1.007892e-02 5.488820e+02 5.492735e+02  9.992872e-01  -8.172709e+04 -1.408546e-02  -1.407552e-02  
1.018454e-02 5.403617e+02 5.407512e+02  9.992796e-01  -7.962445e+04 -1.423295e-02  -1.422129e-02  
1.029126e-02 5.319737e+02 5.323613e+02  9.992719e-01  -7.757591e+04 -1.438197e-02  -1.436855e-02  
1.039911e-02 5.237157e+02 5.241014e+02  9.992641e-01  -7.558006e+04 -1.453253e-02  -1.451730e-02  
1.050808e-02 5.155860e+02 5.159698e+02  9.992563e-01  -7.363556e+04 -1.468466e-02  -1.466761e-02  
1.061820e-02 5.075824e+02 5.079643e+02  9.992483e-01  -7.174109e+04 -1.483835e-02  -1.481940e-02  
1.072947e-02 4.997031e+02 5.000830e+02  9.992403e-01  -6.989536e+04 -1.499364e-02  -1.497278e-02  
1.084191e-02 4.919459e+02 4.923240e+02  9.992321e-01  -6.809711e+04 -1.515053e-02  -1.512771e-02  
1.095552e-02 4.843092e+02 4.846853e+02  9.992239e-01  -6.634512e+04 -1.530905e-02  -1.528422e-02  
1.107033e-02 4.767910e+02 4.771652e+02  9.992156e-01  -6.463821e+04 -1.546921e-02  -1.544234e-02  
1.118634e-02 4.693894e+02 4.697618e+02  9.992072e-01  -6.297521e+04 -1.563101e-02  -1.560206e-02  
1.130356e-02 4.621027e+02 4.624733e+02  9.991988e-01  -6.135499e+04 -1.579451e-02  -1.576344e-02  
1.142202e-02 4.549291e+02 4.552978e+02  9.991902e-01  -5.977646e+04 -1.595968e-02  -1.592642e-02  
1.154171e-02 4.478668e+02 4.482336e+02  9.991815e-01  -5.823854e+04 -1.612657e-02  -1.609110e-02  
1.166266e-02 4.409141e+02 4.412791e+02  9.991728e-01  -5.674018e+04 -1.629517e-02  -1.625743e-02  
1.178487e-02 4.340693e+02 4.344325e+02  9.991639e-01  -5.528037e+04 -1.646553e-02  -1.642547e-02  
1.190837e-02 4.273307e+02 4.276921e+02  9.991550e-01  -5.385812e+04 -1.663765e-02  -1.659522e-02  
1.203316e-02 4.206966e+02 4.210562e+02  9.991459e-01  -5.247245e+04 -1.681154e-02  -1.676669e-02  
1.215926e-02 4.141656e+02 4.145234e+02  9.991368e-01  -5.112244e+04 -1.698724e-02  -1.693993e-02  
1.228668e-02 4.077358e+02 4.080919e+02  9.991275e-01  -4.980716e+04 -1.716473e-02  -1.711489e-02  
1.241544e-02 4.014059e+02 4.017602e+02  9.991183e-01  -4.852571e+04 -1.734408e-02  -1.729168e-02  
1.254554e-02 3.951742e+02 3.955267e+02  9.991088e-01  -4.727724e+04 -1.752526e-02  -1.747022e-02  
1.267701e-02 3.890392e+02 3.893899e+02  9.990993e-01  -4.606088e+04 -1.770833e-02  -1.765061e-02  
1.280986e-02 3.829994e+02 3.833484e+02  9.990896e-01  -4.487581e+04 -1.789327e-02  -1.783281e-02  
1.294409e-02 3.770533e+02 3.774006e+02  9.990799e-01  -4.372124e+04 -1.808013e-02  -1.801687e-02  
1.307974e-02 3.711995e+02 3.715451e+02  9.990701e-01  -4.259637e+04 -1.826893e-02  -1.820282e-02  
1.321680e-02 3.654366e+02 3.657804e+02  9.990601e-01  -4.150043e+04 -1.845965e-02  -1.839061e-02  
1.335531e-02 3.597631e+02 3.601052e+02  9.990501e-01  -4.043270e+04 -1.865238e-02  -1.858038e-02  
1.349526e-02 3.541776e+02 3.545180e+02  9.990398e-01  -3.939243e+04 -1.884705e-02  -1.877199e-02  
1.363668e-02 3.486788e+02 3.490175e+02  9.990296e-01  -3.837892e+04 -1.904376e-02  -1.896560e-02  
1.377958e-02 3.432653e+02 3.436023e+02  9.990192e-01  -3.739149e+04 -1.924248e-02  -1.916114e-02  
1.392398e-02 3.379359e+02 3.382712e+02  9.990087e-01  -3.642947e+04 -1.944326e-02  -1.935868e-02  
1.406990e-02 3.326892e+02 3.330228e+02  9.989981e-01  -3.549219e+04 -1.964612e-02  -1.955823e-02  
1.421734e-02 3.275238e+02 3.278558e+02  9.989873e-01  -3.457903e+04 -1.985104e-02  -1.975977e-02  
1.436633e-02 3.224387e+02 3.227690e+02  9.989765e-01  -3.368936e+04 -2.005811e-02  -1.996340e-02  
1.451687e-02 3.174324e+02 3.177611e+02  9.989655e-01  -3.282258e+04 -2.026728e-02  -2.016902e-02  
1.466900e-02 3.125039e+02 3.128310e+02  9.989545e-01  -3.197810e+04 -2.047863e-02  -2.037680e-02  
1.482272e-02 3.076518e+02 3.079773e+02  9.989433e-01  -3.115534e+04 -2.069213e-02  -2.058661e-02  
1.497805e-02 3.028751e+02 3.031989e+02  9.989320e-01  -3.035375e+04 -2.090785e-02  -2.079858e-02  
1.513501e-02 2.981724e+02 2.984947e+02  9.989205e-01  -2.957279e+04 -2.112578e-02  -2.101268e-02  
1.529361e-02 2.935428e+02 2.938634e+02  9.989090e-01  -2.881191e+04 -2.134596e-02  -2.122893e-02  
1.545388e-02 2.889850e+02 2.893040e+02  9.988973e-01  -2.807062e+04 -2.156841e-02  -2.144741e-02  
1.561583e-02 2.844979e+02 2.848153e+02  9.988855e-01  -2.734839e+04 -2.179313e-02  -2.166803e-02  
1.577947e-02 2.800805e+02 2.803963e+02  9.988736e-01  -2.664475e+04 -2.202020e-02  -2.189096e-02  
1.594482e-02 2.757316e+02 2.760459e+02  9.988615e-01  -2.595920e+04 -2.224955e-02  -2.211603e-02  
1.611191e-02 2.714502e+02 2.717629e+02  9.988493e-01  -2.529130e+04 -2.248130e-02  -2.234345e-02  
1.628076e-02 2.672353e+02 2.675465e+02  9.988369e-01  -2.464058e+04 -2.271541e-02  -2.257311e-02  
1.645137e-02 2.630858e+02 2.633954e+02  9.988245e-01  -2.400660e+04 -2.295194e-02  -2.280511e-02  
1.662376e-02 2.590006e+02 2.593087e+02  9.988119e-01  -2.338893e+04 -2.319090e-02  -2.303946e-02  
1.679797e-02 2.549789e+02 2.552855e+02  9.987991e-01  -2.278715e+04 -2.343230e-02  -2.327612e-02  
1.697400e-02 2.510196e+02 2.513246e+02  9.987863e-01  -2.220085e+04 -2.367622e-02  -2.351524e-02  
1.715187e-02 2.471217e+02 2.474252e+02  9.987732e-01  -2.162964e+04 -2.392259e-02  -2.375666e-02  
1.733161e-02 2.432844e+02 2.435864e+02  9.987601e-01  -2.107312e+04 -2.417154e-02  -2.400060e-02  
1.751324e-02 2.395065e+02 2.398071e+02  9.987468e-01  -2.053092e+04 -2.442300e-02  -2.424690e-02  
1.769676e-02 2.357873e+02 2.360864e+02  9.987334e-01  -2.000267e+04 -2.467707e-02  -2.449574e-02  
1.788221e-02 2.321259e+02 2.324234e+02  9.987198e-01  -1.948802e+04 -2.493374e-02  -2.474705e-02  
1.806960e-02 2.285212e+02 2.288173e+02  9.987061e-01  -1.898660e+04 -2.519303e-02  -2.500087e-02  
1.825896e-02 2.249725e+02 2.252671e+02  9.986922e-01  -1.849808e+04 -2.545501e-02  -2.525729e-02  
1.845030e-02 2.214789e+02 2.217721e+02  9.986781e-01  -1.802213e+04 -2.571964e-02  -2.551618e-02  
1.864365e-02 2.180395e+02 2.183312e+02  9.986640e-01  -1.755843e+04 -2.598703e-02  -2.577779e-02  
1.883902e-02 2.146535e+02 2.149438e+02  9.986496e-01  -1.710665e+04 -2.625710e-02  -2.604188e-02  
1.903644e-02 2.113200e+02 2.116088e+02  9.986352e-01  -1.666650e+04 -2.652999e-02  -2.630871e-02  
1.923592e-02 2.080383e+02 2.083257e+02  9.986205e-01  -1.623768e+04 -2.680564e-02  -2.657815e-02  
1.943750e-02 2.048075e+02 2.050935e+02  9.986057e-01  -1.581988e+04 -2.708412e-02  -2.685031e-02  
1.964119e-02 2.016268e+02 2.019114e+02  9.985908e-01  -1.541284e+04 -2.736547e-02  -2.712521e-02  
1.984702e-02 1.984956e+02 1.987787e+02  9.985756e-01  -1.501627e+04 -2.764967e-02  -2.740278e-02  
2.005500e-02 1.954129e+02 1.956946e+02  9.985604e-01  -1.462990e+04 -2.793684e-02  -2.768325e-02  
2.026516e-02 1.923780e+02 1.926584e+02  9.985449e-01  -1.425347e+04 -2.822686e-02  -2.796635e-02  
2.047753e-02 1.893903e+02 1.896692e+02  9.985293e-01  -1.388673e+04 -2.851992e-02  -2.825242e-02  
2.069212e-02 1.864489e+02 1.867265e+02  9.985134e-01  -1.352942e+04 -2.881592e-02  -2.854121e-02  
2.090895e-02 1.835532e+02 1.838294e+02  9.984975e-01  -1.318130e+04 -2.911499e-02  -2.883296e-02  
2.112806e-02 1.807024e+02 1.809772e+02  9.984814e-01  -1.284214e+04 -2.941709e-02  -2.912758e-02  
2.134947e-02 1.778959e+02 1.781693e+02  9.984650e-01  -1.251171e+04 -2.972228e-02  -2.942511e-02  
2.157320e-02 1.751329e+02 1.754050e+02  9.984486e-01  -1.218978e+04 -3.003062e-02  -2.972567e-02  
2.179927e-02 1.724128e+02 1.726836e+02  9.984318e-01  -1.187613e+04 -3.034205e-02  -3.002910e-02  
2.202771e-02 1.697349e+02 1.700044e+02  9.984150e-01  -1.157055e+04 -3.065674e-02  -3.033571e-02  
2.225854e-02 1.670986e+02 1.673668e+02  9.983980e-01  -1.127283e+04 -3.097454e-02  -3.064515e-02  
2.249180e-02 1.645032e+02 1.647700e+02  9.983808e-01  -1.098277e+04 -3.129567e-02  -3.095783e-02  
2.272749e-02 1.619481e+02 1.622136e+02  9.983633e-01  -1.070018e+04 -3.162001e-02  -3.127349e-02  
2.296566e-02 1.594327e+02 1.596969e+02  9.983457e-01  -1.042485e+04 -3.194770e-02  -3.159233e-02  
2.320633e-02 1.569563e+02 1.572192e+02  9.983280e-01  -1.015661e+04 -3.227872e-02  -3.191433e-02  
2.344951e-02 1.545183e+02 1.547799e+02  9.983100e-01  -9.895270e+03 -3.261309e-02  -3.223946e-02  
2.369524e-02 1.521182e+02 1.523785e+02  9.982918e-01  -9.640655e+03 -3.295093e-02  -3.256792e-02  
2.394355e-02 1.497553e+02 1.500143e+02  9.982734e-01  -9.392590e+03 -3.329212e-02  -3.289945e-02  
2.419446e-02 1.474291e+02 1.476869e+02  9.982549e-01  -9.150908e+03 -3.363689e-02  -3.323445e-02  
2.444800e-02 1.451390e+02 1.453955e+02  9.982360e-01  -8.915443e+03 -3.398505e-02  -3.357254e-02  
2.470420e-02 1.428845e+02 1.431397e+02  9.982171e-01  -8.686037e+03 -3.433684e-02  -3.391411e-02  
2.496308e-02 1.406649e+02 1.409189e+02  9.981979e-01  -8.462533e+03 -3.469217e-02  -3.425897e-02  
2.522468e-02 1.384798e+02 1.387325e+02  9.981785e-01  -8.244779e+03 -3.505112e-02  -3.460724e-02  
2.548901e-02 1.363286e+02 1.365801e+02  9.981589e-01  -8.032628e+03 -3.541374e-02  -3.495898e-02  
2.575612e-02 1.342108e+02 1.344611e+02  9.981390e-01  -7.825935e+03 -3.578000e-02  -3.531407e-02  
2.602603e-02 1.321259e+02 1.323749e+02  9.981190e-01  -7.624561e+03 -3.615007e-02  -3.567283e-02  
2.629876e-02 1.300734e+02 1.303212e+02  9.980987e-01  -7.428367e+03 -3.652376e-02  -3.603486e-02  
2.657435e-02 1.280527e+02 1.282992e+02  9.980783e-01  -7.237221e+03 -3.690138e-02  -3.640067e-02  
2.685283e-02 1.260633e+02 1.263087e+02  9.980575e-01  -7.050993e+03 -3.728271e-02  -3.676986e-02  
2.713423e-02 1.241049e+02 1.243490e+02  9.980366e-01  -6.869557e+03 -3.766799e-02  -3.714280e-02  
2.741857e-02 1.221768e+02 1.224198e+02  9.980154e-01  -6.692788e+03 -3.805715e-02  -3.751933e-02  
2.770590e-02 1.202787e+02 1.205205e+02  9.979940e-01  -6.520568e+03 -3.845025e-02  -3.789953e-02  
2.799624e-02 1.184101e+02 1.186506e+02  9.979724e-01  -6.352779e+03 -3.884737e-02  -3.828353e-02  
2.828962e-02 1.165704e+02 1.168098e+02  9.979505e-01  -6.189306e+03 -3.924844e-02  -3.867111e-02  
2.858607e-02 1.147593e+02 1.149975e+02  9.979284e-01  -6.030040e+03 -3.965370e-02  -3.906273e-02  
2.888563e-02 1.129763e+02 1.132134e+02  9.979061e-01  -5.874871e+03 -4.006288e-02  -3.945782e-02  
2.918833e-02 1.112210e+02 1.114569e+02  9.978835e-01  -5.723695e+03 -4.047636e-02  -3.985705e-02  
2.949421e-02 1.094930e+02 1.097277e+02  9.978606e-01  -5.576409e+03 -4.089390e-02  -4.025993e-02  
2.980328e-02 1.077917e+02 1.080253e+02  9.978376e-01  -5.432912e+03 -4.131574e-02  -4.066687e-02  
3.011560e-02 1.061169e+02 1.063494e+02  9.978142e-01  -5.293107e+03 -4.174182e-02  -4.107771e-02  
3.043119e-02 1.044681e+02 1.046994e+02  9.977906e-01  -5.156899e+03 -4.217218e-02  -4.149250e-02  
3.075009e-02 1.028449e+02 1.030751e+02  9.977668e-01  -5.024196e+03 -4.260696e-02  -4.191145e-02  
3.107232e-02 1.012468e+02 1.014759e+02  9.977426e-01  -4.894906e+03 -4.304602e-02  -4.233422e-02  
3.139794e-02 9.967361e+01 9.990156e+01  9.977183e-01  -4.768944e+03 -4.348967e-02  -4.276142e-02  
3.172697e-02 9.812480e+01 9.835164e+01  9.976936e-01  -4.646222e+03 -4.393758e-02  -4.319230e-02  
3.205944e-02 9.660005e+01 9.682578e+01  9.976687e-01  -4.526658e+03 -4.439018e-02  -4.362770e-02  
3.239540e-02 9.509896e+01 9.532359e+01  9.976435e-01  -4.410170e+03 -4.484722e-02  -4.406704e-02  
3.273488e-02 9.362118e+01 9.384472e+01  9.976180e-01  -4.296680e+03 -4.530894e-02  -4.451078e-02  
3.307792e-02 9.216634e+01 9.238879e+01  9.975923e-01  -4.186109e+03 -4.577528e-02  -4.495873e-02  
3.342455e-02 9.073408e+01 9.095545e+01  9.975662e-01  -4.078384e+03 -4.624629e-02  -4.541094e-02  
3.377482e-02 8.932406e+01 8.954435e+01  9.975399e-01  -3.973430e+03 -4.672213e-02  -4.586767e-02  
3.412875e-02 8.793592e+01 8.815514e+01  9.975133e-01  -3.871176e+03 -4.720261e-02  -4.632849e-02  
3.448640e-02 8.656935e+01 8.678750e+01  9.974864e-01  -3.771554e+03 -4.768813e-02  -4.679414e-02  
3.484779e-02 8.522398e+01 8.544107e+01  9.974592e-01  -3.674495e+03 -4.817825e-02  -4.726372e-02  
3.521297e-02 8.389950e+01 8.411554e+01  9.974317e-01  -3.579933e+03 -4.867352e-02  -4.773822e-02  
3.558197e-02 8.259559e+01 8.281057e+01  9.974039e-01  -3.487804e+03 -4.917360e-02  -4.821694e-02  
3.595485e-02 8.131192e+01 8.152586e+01  9.973758e-01  -3.398045e+03 -4.967879e-02  -4.870042e-02  
3.633163e-02 8.004817e+01 8.026108e+01  9.973474e-01  -3.310596e+03 -5.018902e-02  -4.918844e-02  
3.671236e-02 7.880405e+01 7.901592e+01  9.973186e-01  -3.225398e+03 -5.070433e-02  -4.968106e-02  
3.709707e-02 7.757925e+01 7.779009e+01  9.972896e-01  -3.142391e+03 -5.122490e-02  -5.017855e-02  
3.748582e-02 7.637345e+01 7.658328e+01  9.972602e-01  -3.061520e+03 -5.175053e-02  -5.068045e-02  
3.787865e-02 7.518639e+01 7.539519e+01  9.972305e-01  -2.982730e+03 -5.228164e-02  -5.118758e-02  
3.827559e-02 7.401775e+01 7.422554e+01  9.972005e-01  -2.905967e+03 -5.281777e-02  -5.169890e-02  
3.867669e-02 7.286726e+01 7.307404e+01  9.971702e-01  -2.831179e+03 -5.335951e-02  -5.221559e-02  
3.908199e-02 7.173463e+01 7.194041e+01  9.971395e-01  -2.758315e+03 -5.390646e-02  -5.273673e-02  
3.949154e-02 7.061958e+01 7.082437e+01  9.971085e-01  -2.687327e+03 -5.445902e-02  -5.326309e-02  
3.990538e-02 6.952185e+01 6.972565e+01  9.970771e-01  -2.618164e+03 -5.501701e-02  -5.379426e-02  
4.032356e-02 6.844116e+01 6.864398e+01  9.970454e-01  -2.550782e+03 -5.558058e-02  -5.433044e-02  
4.074612e-02 6.737726e+01 6.757909e+01  9.970134e-01  -2.485133e+03 -5.614984e-02  -5.487182e-02  
4.117311e-02 6.632987e+01 6.653073e+01  9.969809e-01  -2.421173e+03 -5.672462e-02  -5.541797e-02  
4.160458e-02 6.529875e+01 6.549864e+01  9.969482e-01  -2.358859e+03 -5.730536e-02  -5.596972e-02  
4.204056e-02 6.428363e+01 6.448256e+01  9.969150e-01  -2.298148e+03 -5.789157e-02  -5.652600e-02  
4.248112e-02 6.328428e+01 6.348225e+01  9.968816e-01  -2.239000e+03 -5.848391e-02  -5.708811e-02  
4.292629e-02 6.230045e+01 6.249746e+01  9.968477e-01  -2.181373e+03 -5.908184e-02  -5.765486e-02  
4.337612e-02 6.133189e+01 6.152796e+01  9.968134e-01  -2.125230e+03 -5.968595e-02  -5.822735e-02  
4.383067e-02 6.037838e+01 6.057349e+01  9.967788e-01  -2.070530e+03 -6.029590e-02  -5.880488e-02  
4.428999e-02 5.943967e+01 5.963385e+01  9.967438e-01  -2.017239e+03 -6.091197e-02  -5.938792e-02  
4.475411e-02 5.851554e+01 5.870878e+01  9.967084e-01  -1.965318e+03 -6.153417e-02  -5.997640e-02  
4.522310e-02 5.760575e+01 5.779807e+01  9.966727e-01  -1.914733e+03 -6.216243e-02  -6.057013e-02  
4.569701e-02 5.671010e+01 5.690149e+01  9.966365e-01  -1.865450e+03 -6.279711e-02  -6.116976e-02  
4.617588e-02 5.582836e+01 5.601883e+01  9.965999e-01  -1.817435e+03 -6.343778e-02  -6.177434e-02  
4.665977e-02 5.496031e+01 5.514986e+01  9.965630e-01  -1.770656e+03 -6.408517e-02  -6.238525e-02  
4.714873e-02 5.410574e+01 5.429438e+01  9.965256e-01  -1.725080e+03 -6.473850e-02  -6.300087e-02  
4.764281e-02 5.326444e+01 5.345218e+01  9.964878e-01  -1.680677e+03 -6.539865e-02  -6.362290e-02  
4.814208e-02 5.243621e+01 5.262304e+01  9.964496e-01  -1.637416e+03 -6.606503e-02  -6.425008e-02  
4.864657e-02 5.162084e+01 5.180677e+01  9.964109e-01  -1.595269e+03 -6.673818e-02  -6.488338e-02  
4.915635e-02 5.081813e+01 5.100318e+01  9.963719e-01  -1.554206e+03 -6.741788e-02  -6.552229e-02  
4.967147e-02 5.002789e+01 5.021205e+01  9.963324e-01  -1.514200e+03 -6.810426e-02  -6.616703e-02  
5.019199e-02 4.924993e+01 4.943320e+01  9.962925e-01  -1.475223e+03 -6.879751e-02  -6.681787e-02  
5.071797e-02 4.848404e+01 4.866644e+01  9.962521e-01  -1.437249e+03 -6.949736e-02  -6.747419e-02  
5.124945e-02 4.773006e+01 4.791158e+01  9.962113e-01  -1.400252e+03 -7.020442e-02  -6.813714e-02  
5.178651e-02 4.698778e+01 4.716843e+01  9.961700e-01  -1.364207e+03 -7.091799e-02  -6.880522e-02  
5.232920e-02 4.625703e+01 4.643682e+01  9.961283e-01  -1.329089e+03 -7.163903e-02  -6.948029e-02  
5.287757e-02 4.553763e+01 4.571656e+01  9.960861e-01  -1.294875e+03 -7.236663e-02  -7.016044e-02  
5.343168e-02 4.482941e+01 4.500749e+01  9.960435e-01  -1.261542e+03 -7.310177e-02  -7.084754e-02  
5.399161e-02 4.413219e+01 4.430941e+01  9.960003e-01  -1.229066e+03 -7.384381e-02  -7.154022e-02  
5.455740e-02 4.344580e+01 4.362217e+01  9.959568e-01  -1.197426e+03 -7.459330e-02  -7.223949e-02  
5.512912e-02 4.277007e+01 4.294560e+01  9.959127e-01  -1.166600e+03 -7.535004e-02  -7.294489e-02  
5.570684e-02 4.210484e+01 4.227953e+01  9.958681e-01  -1.136567e+03 -7.611413e-02  -7.365650e-02  
5.629060e-02 4.144994e+01 4.162380e+01  9.958231e-01  -1.107307e+03 -7.688584e-02  -7.437480e-02  
5.688049e-02 4.080522e+01 4.097825e+01  9.957775e-01  -1.078800e+03 -7.766479e-02  -7.509891e-02  
5.747655e-02 4.017051e+01 4.034271e+01  9.957315e-01  -1.051026e+03 -7.845174e-02  -7.583029e-02  
5.807886e-02 3.954566e+01 3.971705e+01  9.956849e-01  -1.023967e+03 -7.924581e-02  -7.656705e-02  
5.868749e-02 3.893052e+01 3.910109e+01  9.956379e-01  -9.976048e+02 -8.004819e-02  -7.731152e-02  
5.930249e-02 3.832494e+01 3.849469e+01  9.955902e-01  -9.719204e+02 -8.085773e-02  -7.806127e-02  
5.992394e-02 3.772877e+01 3.789771e+01  9.955421e-01  -9.468970e+02 -8.167566e-02  -7.881868e-02  
6.055190e-02 3.714185e+01 3.730999e+01  9.954935e-01  -9.225174e+02 -8.250111e-02  -7.958192e-02  
6.118643e-02 3.656406e+01 3.673140e+01  9.954443e-01  -8.987653e+02 -8.333484e-02  -8.035241e-02  
6.182762e-02 3.599525e+01 3.616179e+01  9.953946e-01  -8.756242e+02 -8.417649e-02  -8.112933e-02  
6.247553e-02 3.543527e+01 3.560102e+01  9.953443e-01  -8.530787e+02 -8.502630e-02  -8.191305e-02  
6.313023e-02 3.488400e+01 3.504896e+01  9.952935e-01  -8.311133e+02 -8.588444e-02  -8.270383e-02  
6.379179e-02 3.434129e+01 3.450546e+01  9.952421e-01  -8.097130e+02 -8.675060e-02  -8.350094e-02  
6.446028e-02 3.380702e+01 3.397041e+01  9.951902e-01  -7.888636e+02 -8.762553e-02  -8.430577e-02  
6.513578e-02 3.328104e+01 3.344366e+01  9.951376e-01  -7.685504e+02 -8.850832e-02  -8.511641e-02  
6.581835e-02 3.276325e+01 3.292509e+01  9.950845e-01  -7.487602e+02 -8.940033e-02  -8.593548e-02  
6.650808e-02 3.225349e+01 3.241457e+01  9.950308e-01  -7.294789e+02 -9.030003e-02  -8.675978e-02  
6.720503e-02 3.175167e+01 3.191197e+01  9.949766e-01  -7.106940e+02 -9.120916e-02  -8.759272e-02  
6.790929e-02 3.125764e+01 3.141718e+01  9.949217e-01  -6.923923e+02 -9.212633e-02  -8.843138e-02  
6.862093e-02 3.077129e+01 3.093007e+01  9.948662e-01  -6.745617e+02 -9.305283e-02  -8.927828e-02  
6.934003e-02 3.029249e+01 3.045053e+01  9.948101e-01  -6.571898e+02 -9.398779e-02  -9.013152e-02  
7.006666e-02 2.982115e+01 2.997843e+01  9.947535e-01  -6.402649e+02 -9.493196e-02  -9.099251e-02  
7.080091e-02 2.935712e+01 2.951366e+01  9.946962e-01  -6.237756e+02 -9.588503e-02  -9.186053e-02  
7.154285e-02 2.890031e+01 2.905611e+01  9.946382e-01  -6.077105e+02 -9.684715e-02  -9.273574e-02  
7.229257e-02 2.845061e+01 2.860566e+01  9.945797e-01  -5.920589e+02 -9.781865e-02  -9.361869e-02  
7.305014e-02 2.800789e+01 2.816221e+01  9.945204e-01  -5.768099e+02 -9.879902e-02  -9.450826e-02  
7.381565e-02 2.757206e+01 2.772564e+01  9.944606e-01  -5.619535e+02 -9.978926e-02  -9.540632e-02  
7.458919e-02 2.714300e+01 2.729585e+01  9.944000e-01  -5.474792e+02 -1.007882e-01  -9.631037e-02  
7.537083e-02 2.672061e+01 2.687274e+01  9.943389e-01  -5.333775e+02 -1.017975e-01  -9.722371e-02  
7.616066e-02 2.630479e+01 2.645620e+01  9.942770e-01  -5.196384e+02 -1.028152e-01  -9.814236e-02  
7.695876e-02 2.589544e+01 2.604613e+01  9.942146e-01  -5.062531e+02 -1.038437e-01  -9.907064e-02  
7.776524e-02 2.549245e+01 2.564242e+01  9.941513e-01  -4.932120e+02 -1.048808e-01  -1.000045e-01  
7.858016e-02 2.509573e+01 2.524499e+01  9.940875e-01  -4.805067e+02 -1.059286e-01  -1.009477e-01  
7.940362e-02 2.470518e+01 2.485373e+01  9.940229e-01  -4.681282e+02 -1.069856e-01  -1.018971e-01  
8.023571e-02 2.432070e+01 2.446855e+01  9.939576e-01  -4.560683e+02 -1.080530e-01  -1.028552e-01  
8.107652e-02 2.394220e+01 2.408935e+01  9.938917e-01  -4.443186e+02 -1.091302e-01  -1.038203e-01  
8.192615e-02 2.356959e+01 2.371604e+01  9.938250e-01  -4.328713e+02 -1.102176e-01  -1.047935e-01  
8.278467e-02 2.320278e+01 2.334853e+01  9.937576e-01  -4.217186e+02 -1.113152e-01  -1.057745e-01  
8.365219e-02 2.284167e+01 2.298673e+01  9.936894e-01  -4.108528e+02 -1.124229e-01  -1.067629e-01  
8.452881e-02 2.248618e+01 2.263055e+01  9.936205e-01  -4.002667e+02 -1.135413e-01  -1.077598e-01  
8.541461e-02 2.213622e+01 2.227990e+01  9.935509e-01  -3.899529e+02 -1.146696e-01  -1.087635e-01  
8.630969e-02 2.179170e+01 2.193470e+01  9.934806e-01  -3.799046e+02 -1.158091e-01  -1.097765e-01  
8.721415e-02 2.145255e+01 2.159487e+01  9.934094e-01  -3.701147e+02 -1.169583e-01  -1.107955e-01  
8.812809e-02 2.111867e+01 2.126031e+01  9.933376e-01  -3.605769e+02 -1.181193e-01  -1.118247e-01  
8.905161e-02 2.078999e+01 2.093096e+01  9.932649e-01  -3.512843e+02 -1.192898e-01  -1.128592e-01  
8.998480e-02 2.046642e+01 2.060672e+01  9.931915e-01  -3.422310e+02 -1.204725e-01  -1.139045e-01  
9.092778e-02 2.014789e+01 2.028752e+01  9.931172e-01  -3.334105e+02 -1.216646e-01  -1.149547e-01  
9.188063e-02 1.983432e+01 1.997328e+01  9.930423e-01  -3.248171e+02 -1.228692e-01  -1.160157e-01  
9.284348e-02 1.952562e+01 1.966393e+01  9.929664e-01  -3.164447e+02 -1.240835e-01  -1.170823e-01  
9.381641e-02 1.922174e+01 1.935938e+01  9.928898e-01  -3.082878e+02 -1.253102e-01  -1.181590e-01  
9.479953e-02 1.892258e+01 1.905957e+01  9.928124e-01  -3.003407e+02 -1.265471e-01  -1.192419e-01  
9.579296e-02 1.862808e+01 1.876442e+01  9.927342e-01  -2.925982e+02 -1.277962e-01  -1.203344e-01  
9.679680e-02 1.833817e+01 1.847386e+01  9.926551e-01  -2.850548e+02 -1.290561e-01  -1.214338e-01  
9.781116e-02 1.805277e+01 1.818781e+01  9.925752e-01  -2.777056e+02 -1.303280e-01  -1.225421e-01  
9.883615e-02 1.777182e+01 1.790621e+01  9.924945e-01  -2.705455e+02 -1.316112e-01  -1.236581e-01  
9.987188e-02 1.749524e+01 1.762899e+01  9.924129e-01  -2.635696e+02 -1.329061e-01  -1.247822e-01  
1.009185e-01 1.722297e+01 1.735608e+01  9.923304e-01  -2.567732e+02 -1.342130e-01  -1.259148e-01  
1.019760e-01 1.695494e+01 1.708742e+01  9.922471e-01  -2.501516e+02 -1.355313e-01  -1.270548e-01  
1.030447e-01 1.669109e+01 1.682293e+01  9.921629e-01  -2.437005e+02 -1.368621e-01  -1.282039e-01  
1.041245e-01 1.643135e+01 1.656256e+01  9.920779e-01  -2.374153e+02 -1.382043e-01  -1.293598e-01  
1.052156e-01 1.617565e+01 1.630623e+01  9.919920e-01  -2.312919e+02 -1.395594e-01  -1.305256e-01  
1.063182e-01 1.592394e+01 1.605390e+01  9.919051e-01  -2.253259e+02 -1.409256e-01  -1.316973e-01  
1.074324e-01 1.567616e+01 1.580549e+01  9.918174e-01  -2.195136e+02 -1.423054e-01  -1.328797e-01  
1.085582e-01 1.543223e+01 1.556094e+01  9.917288e-01  -2.138506e+02 -1.436961e-01  -1.340672e-01  
1.096958e-01 1.519211e+01 1.532020e+01  9.916393e-01  -2.083336e+02 -1.451008e-01  -1.352662e-01  
1.108453e-01 1.495573e+01 1.508321e+01  9.915488e-01  -2.029583e+02 -1.465163e-01  -1.364696e-01  
1.120069e-01 1.472304e+01 1.484990e+01  9.914575e-01  -1.977215e+02 -1.479464e-01  -1.376852e-01  
1.131806e-01 1.449398e+01 1.462022e+01  9.913651e-01  -1.926192e+02 -1.493869e-01  -1.389043e-01  
1.143667e-01 1.426849e+01 1.439412e+01  9.912719e-01  -1.876484e+02 -1.508426e-01  -1.401361e-01  
1.155652e-01 1.404652e+01 1.417154e+01  9.911777e-01  -1.828053e+02 -1.523087e-01  -1.413711e-01  
1.167762e-01 1.382801e+01 1.395243e+01  9.910826e-01  -1.780870e+02 -1.537900e-01  -1.426188e-01  
1.179999e-01 1.361291e+01 1.373672e+01  9.909865e-01  -1.734899e+02 -1.552822e-01  -1.438700e-01  
1.192365e-01 1.340116e+01 1.352438e+01  9.908895e-01  -1.690112e+02 -1.567896e-01  -1.451335e-01  
1.204860e-01 1.319272e+01 1.331534e+01  9.907915e-01  -1.646476e+02 -1.583082e-01  -1.464007e-01  
1.217486e-01 1.298754e+01 1.310956e+01  9.906926e-01  -1.603964e+02 -1.598419e-01  -1.476798e-01  
1.230244e-01 1.278556e+01 1.290698e+01  9.905926e-01  -1.562544e+02 -1.613872e-01  -1.489630e-01  
1.243136e-01 1.258673e+01 1.270756e+01  9.904917e-01  -1.522192e+02 -1.629477e-01  -1.502576e-01  
1.256164e-01 1.239101e+01 1.251125e+01  9.903898e-01  -1.482876e+02 -1.645200e-01  -1.515566e-01  
1.269327e-01 1.219835e+01 1.231799e+01  9.902869e-01  -1.444573e+02 -1.661076e-01  -1.528666e-01  
1.282629e-01 1.200869e+01 1.212775e+01  9.901830e-01  -1.407254e+02 -1.677073e-01  -1.541811e-01  
1.296070e-01 1.182200e+01 1.194047e+01  9.900781e-01  -1.370896e+02 -1.693222e-01  -1.555063e-01  
1.309652e-01 1.163823e+01 1.175612e+01  9.899722e-01  -1.335472e+02 -1.709495e-01  -1.568361e-01  
1.323376e-01 1.145733e+01 1.157463e+01  9.898653e-01  -1.300961e+02 -1.725921e-01  -1.581763e-01  
1.337244e-01 1.127925e+01 1.139598e+01  9.897573e-01  -1.267336e+02 -1.742474e-01  -1.595213e-01  
1.351257e-01 1.110397e+01 1.122011e+01  9.896484e-01  -1.234577e+02 -1.759181e-01  -1.608763e-01  
1.365417e-01 1.093142e+01 1.104699e+01  9.895384e-01  -1.202661e+02 -1.776016e-01  -1.622360e-01  
1.379726e-01 1.076158e+01 1.087657e+01  9.894274e-01  -1.171565e+02 -1.793007e-01  -1.636056e-01  
1.394184e-01 1.059439e+01 1.070881e+01  9.893154e-01  -1.141269e+02 -1.810127e-01  -1.649798e-01  
1.408794e-01 1.042982e+01 1.054367e+01  9.892024e-01  -1.111753e+02 -1.827405e-01  -1.663637e-01  
1.423558e-01 1.026783e+01 1.038110e+01  9.890883e-01  -1.082996e+02 -1.844813e-01  -1.677520e-01  
1.438475e-01 1.010837e+01 1.022107e+01  9.889732e-01  -1.054979e+02 -1.862381e-01  -1.691499e-01  
1.453550e-01 9.951409e+00 1.006355e+01  9.888570e-01  -1.027681e+02 -1.880080e-01  -1.705519e-01  
1.468782e-01 9.796909e+00 9.908480e+00  9.887399e-01  -1.001087e+02 -1.897941e-01  -1.719636e-01  
1.484173e-01 9.644830e+00 9.755835e+00  9.886216e-01  -9.751757e+01 -1.915934e-01  -1.733788e-01  
1.499727e-01 9.495136e+00 9.605577e+00  9.885024e-01  -9.499316e+01 -1.934091e-01  -1.748038e-01  
1.515443e-01 9.347788e+00 9.457666e+00  9.883821e-01  -9.253361e+01 -1.952379e-01  -1.762318e-01  
1.531323e-01 9.202753e+00 9.312069e+00  9.882608e-01  -9.013738e+01 -1.970836e-01  -1.776698e-01  
1.547370e-01 9.059992e+00 9.168748e+00  9.881384e-01  -8.780270e+01 -1.989422e-01  -1.791100e-01  
1.563586e-01 8.919473e+00 9.027669e+00  9.880150e-01  -8.552814e+01 -2.008181e-01  -1.805607e-01  
1.579971e-01 8.781159e+00 8.888798e+00  9.878906e-01  -8.331199e+01 -2.027067e-01  -1.820124e-01  
1.596528e-01 8.645019e+00 8.752099e+00  9.877652e-01  -8.115291e+01 -2.046132e-01  -1.834753e-01  
1.613258e-01 8.511017e+00 8.617541e+00  9.876386e-01  -7.904927e+01 -2.065320e-01  -1.849380e-01  
1.630164e-01 8.379121e+00 8.485090e+00  9.875112e-01  -7.699981e+01 -2.084693e-01  -1.864126e-01  
1.647247e-01 8.249298e+00 8.354713e+00  9.873826e-01  -7.500295e+01 -2.104186e-01  -1.878856e-01  
1.664509e-01 8.121518e+00 8.226379e+00  9.872531e-01  -7.305754e+01 -2.123870e-01  -1.893715e-01  
1.681952e-01 7.995748e+00 8.100056e+00  9.871225e-01  -7.116204e+01 -2.143668e-01  -1.908540e-01  
1.699577e-01 7.871958e+00 7.975714e+00  9.869910e-01  -6.931540e+01 -2.163666e-01  -1.923505e-01  
1.717388e-01 7.750117e+00 7.853322e+00  9.868584e-01  -6.751610e+01 -2.183771e-01  -1.938417e-01  
1.735385e-01 7.630195e+00 7.732850e+00  9.867249e-01  -6.576318e+01 -2.204079e-01  -1.953470e-01  
1.753570e-01 7.512164e+00 7.614269e+00  9.865903e-01  -6.405522e+01 -2.224500e-01  -1.968475e-01  
1.771946e-01 7.395993e+00 7.497549e+00  9.864548e-01  -6.239126e+01 -2.245118e-01  -1.983604e-01  
1.790515e-01 7.281655e+00 7.382662e+00  9.863183e-01  -6.077000e+01 -2.265857e-01  -1.998696e-01  
1.809278e-01 7.169121e+00 7.269580e+00  9.861809e-01  -5.919048e+01 -2.286787e-01  -2.013892e-01  
1.828238e-01 7.058364e+00 7.158276e+00  9.860425e-01  -5.765150e+01 -2.307847e-01  -2.029065e-01  
1.847397e-01 6.949357e+00 7.048721e+00  9.859033e-01  -5.615213e+01 -2.329088e-01  -2.044317e-01  
1.866756e-01 6.842073e+00 6.940890e+00  9.857630e-01  -5.469127e+01 -2.350472e-01  -2.059564e-01  
1.886318e-01 6.736485e+00 6.834755e+00  9.856219e-01  -5.326797e+01 -2.372026e-01  -2.074861e-01  
1.906086e-01 6.632568e+00 6.730292e+00  9.854799e-01  -5.188125e+01 -2.393735e-01  -2.090175e-01  
1.926060e-01 6.530296e+00 6.627474e+00  9.853371e-01  -5.053016e+01 -2.415602e-01  -2.105505e-01  
1.946244e-01 6.429644e+00 6.526276e+00  9.851934e-01  -4.921381e+01 -2.437639e-01  -2.120878e-01  
1.966639e-01 6.330587e+00 6.426673e+00  9.850488e-01  -4.793126e+01 -2.459818e-01  -2.136228e-01  
1.987248e-01 6.233101e+00 6.328642e+00  9.849034e-01  -4.668172e+01 -2.482186e-01  -2.151650e-01  
2.008073e-01 6.137162e+00 6.232157e+00  9.847572e-01  -4.546422e+01 -2.504676e-01  -2.167008e-01  
2.029116e-01 6.042747e+00 6.137196e+00  9.846103e-01  -4.427808e+01 -2.527376e-01  -2.182471e-01  
2.050380e-01 5.949831e+00 6.043735e+00  9.844626e-01  -4.312233e+01 -2.550178e-01  -2.197821e-01  
2.071866e-01 5.858394e+00 5.951752e+00  9.843142e-01  -4.199636e+01 -2.573198e-01  -2.213287e-01  
2.093578e-01 5.768411e+00 5.861223e+00  9.841651e-01  -4.089924e+01 -2.596325e-01  -2.228645e-01  
2.115517e-01 5.679861e+00 5.772127e+00  9.840153e-01  -3.983036e+01 -2.619655e-01  -2.244082e-01  
2.137686e-01 5.592722e+00 5.684442e+00  9.838649e-01  -3.878891e+01 -2.643116e-01  -2.259451e-01  
2.160087e-01 5.506973e+00 5.598146e+00  9.837138e-01  -3.777423e+01 -2.666756e-01  -2.274845e-01  
2.182723e-01 5.422593e+00 5.513218e+00  9.835622e-01  -3.678561e+01 -2.690552e-01  -2.290215e-01  
2.205597e-01 5.339560e+00 5.429637e+00  9.834100e-01  -3.582237e+01 -2.714499e-01  -2.305546e-01  
2.228710e-01 5.257854e+00 5.347384e+00  9.832573e-01  -3.488391e+01 -2.738632e-01  -2.320907e-01  
2.252065e-01 5.177456e+00 5.266437e+00  9.831041e-01  -3.396950e+01 -2.762885e-01  -2.336158e-01  
2.275665e-01 5.098346e+00 5.186778e+00  9.829505e-01  -3.307865e+01 -2.787356e-01  -2.351497e-01  
2.299512e-01 5.020504e+00 5.108386e+00  9.827965e-01  -3.221058e+01 -2.811911e-01  -2.366648e-01  
2.323609e-01 4.943910e+00 5.031242e+00  9.826422e-01  -3.136488e+01 -2.836686e-01  -2.381882e-01  
2.347959e-01 4.868547e+00 4.955327e+00  9.824875e-01  -3.054085e+01 -2.861576e-01  -2.396986e-01  
2.372564e-01 4.794395e+00 4.880623e+00  9.823325e-01  -2.973800e+01 -2.886649e-01  -2.412091e-01  
2.397427e-01 4.721437e+00 4.807112e+00  9.821774e-01  -2.895577e+01 -2.911877e-01  -2.427136e-01  
2.422550e-01 4.649653e+00 4.734775e+00  9.820221e-01  -2.819361e+01 -2.937245e-01  -2.442091e-01  
2.447937e-01 4.579028e+00 4.663595e+00  9.818666e-01  -2.745105e+01 -2.962811e-01  -2.457066e-01  
2.473589e-01 4.509542e+00 4.593553e+00  9.817111e-01  -2.672750e+01 -2.988469e-01  -2.471847e-01  
2.499511e-01 4.441180e+00 4.524634e+00  9.815556e-01  -2.602259e+01 -3.014347e-01  -2.486683e-01  
2.525704e-01 4.373924e+00 4.456820e+00  9.814001e-01  -2.533572e+01 -3.040318e-01  -2.501321e-01  
2.552171e-01 4.307757e+00 4.390095e+00  9.812448e-01  -2.466651e+01 -3.066480e-01  -2.515948e-01  
2.578916e-01 4.242664e+00 4.324441e+00  9.810896e-01  -2.401448e+01 -3.092788e-01  -2.530474e-01  
2.605941e-01 4.178628e+00 4.259844e+00  9.809346e-01  -2.337917e+01 -3.119228e-01  -2.544867e-01  
2.633249e-01 4.115634e+00 4.196287e+00  9.807800e-01  -2.276021e+01 -3.145871e-01  -2.559266e-01  
2.660844e-01 4.053665e+00 4.133754e+00  9.806257e-01  -2.215708e+01 -3.172584e-01  -2.573400e-01  
2.688728e-01 3.992708e+00 4.072230e+00  9.804719e-01  -2.156948e+01 -3.199509e-01  -2.587550e-01  
2.716904e-01 3.932745e+00 4.011701e+00  9.803187e-01  -2.099693e+01 -3.226542e-01  -2.601503e-01  
2.745375e-01 3.873763e+00 3.952150e+00  9.801660e-01  -2.043908e+01 -3.253730e-01  -2.615352e-01  
2.774144e-01 3.815748e+00 3.893564e+00  9.800140e-01  -1.989557e+01 -3.281095e-01  -2.629132e-01  
2.803215e-01 3.758683e+00 3.835928e+00  9.798628e-01  -1.936598e+01 -3.308539e-01  -2.642652e-01  
2.832591e-01 3.702557e+00 3.779228e+00  9.797124e-01  -1.885001e+01 -3.336190e-01  -2.656157e-01  
2.862274e-01 3.647354e+00 3.723450e+00  9.795630e-01  -1.834726e+01 -3.363927e-01  -2.669404e-01  
2.892269e-01 3.593062e+00 3.668581e+00  9.794146e-01  -1.785743e+01 -3.391822e-01  -2.682535e-01  
2.922578e-01 3.539665e+00 3.614606e+00  9.792674e-01  -1.738018e+01 -3.419884e-01  -2.695562e-01  
2.953204e-01 3.487152e+00 3.561512e+00  9.791214e-01  -1.691515e+01 -3.448014e-01  -2.708287e-01  
2.984152e-01 3.435510e+00 3.509286e+00  9.789767e-01  -1.646209e+01 -3.476342e-01  -2.720961e-01  
3.015423e-01 3.384724e+00 3.457916e+00  9.788335e-01  -1.602064e+01 -3.504758e-01  -2.733365e-01  
3.047023e-01 3.334784e+00 3.407389e+00  9.786918e-01  -1.559052e+01 -3.533306e-01  -2.745585e-01  
3.078953e-01 3.285675e+00 3.357692e+00  9.785517e-01  -1.517148e+01 -3.562042e-01  -2.757719e-01  
3.111218e-01 3.237387e+00 3.308813e+00  9.784134e-01  -1.476314e+01 -3.590801e-01  -2.769452e-01  
3.143822e-01 3.189907e+00 3.260740e+00  9.782770e-01  -1.436532e+01 -3.619746e-01  -2.781092e-01  
3.176767e-01 3.143222e+00 3.213460e+00  9.781426e-01  -1.397772e+01 -3.648813e-01  -2.792512e-01  
3.210057e-01 3.097323e+00 3.166963e+00  9.780103e-01  -1.360005e+01 -3.677951e-01  -2.803614e-01  
3.243696e-01 3.052196e+00 3.121237e+00  9.778803e-01  -1.323211e+01 -3.707269e-01  -2.814597e-01  
3.277687e-01 3.007831e+00 3.076270e+00  9.777526e-01  -1.287360e+01 -3.736651e-01  -2.825243e-01  
3.312035e-01 2.964217e+00 3.032051e+00  9.776275e-01  -1.252430e+01 -3.766142e-01  -2.835636e-01  
3.346743e-01 2.921342e+00 2.988570e+00  9.775050e-01  -1.218400e+01 -3.795804e-01  -2.845879e-01  
3.381814e-01 2.879196e+00 2.945815e+00  9.773852e-01  -1.185242e+01 -3.825484e-01  -2.855694e-01  
3.417253e-01 2.837768e+00 2.903775e+00  9.772684e-01  -1.152937e+01 -3.855300e-01  -2.865294e-01  
3.453064e-01 2.797048e+00 2.862441e+00  9.771547e-01  -1.121465e+01 -3.885275e-01  -2.874715e-01  
3.489249e-01 2.757025e+00 2.821802e+00  9.770441e-01  -1.090799e+01 -3.915236e-01  -2.883642e-01  
3.525814e-01 2.717690e+00 2.781848e+00  9.769369e-01  -1.060923e+01 -3.945344e-01  -2.892364e-01  
3.562762e-01 2.679032e+00 2.742568e+00  9.768332e-01  -1.031818e+01 -3.975596e-01  -2.900870e-01  
3.600097e-01 2.641041e+00 2.703953e+00  9.767332e-01  -1.003459e+01 -4.005823e-01  -2.908860e-01  
3.637823e-01 2.603708e+00 2.665994e+00  9.766370e-01  -9.758315e+00 -4.036189e-01  -2.916620e-01  
3.675945e-01 2.567024e+00 2.628681e+00  9.765448e-01  -9.489172e+00 -4.066688e-01  -2.924138e-01  
3.714466e-01 2.530979e+00 2.592003e+00  9.764567e-01  -9.226936e+00 -4.097157e-01  -2.931125e-01  
3.753391e-01 2.495563e+00 2.555953e+00  9.763729e-01  -8.971472e+00 -4.127743e-01  -2.937837e-01  
3.792724e-01 2.460768e+00 2.520521e+00  9.762935e-01  -8.722610e+00 -4.158448e-01  -2.944275e-01  
3.832469e-01 2.426585e+00 2.485698e+00  9.762188e-01  -8.480151e+00 -4.189143e-01  -2.950214e-01  
3.872630e-01 2.393005e+00 2.451475e+00  9.761489e-01  -8.243954e+00 -4.219910e-01  -2.955794e-01  
3.913213e-01 2.360019e+00 2.417844e+00  9.760840e-01  -8.013869e+00 -4.250781e-01  -2.961067e-01  
3.954220e-01 2.327618e+00 2.384795e+00  9.760242e-01  -7.789727e+00 -4.281684e-01  -2.965911e-01  
3.995658e-01 2.295795e+00 2.352321e+00  9.759698e-01  -7.571373e+00 -4.312590e-01  -2.970278e-01  
4.037529e-01 2.264540e+00 2.320414e+00  9.759208e-01  -7.358678e+00 -4.343585e-01  -2.974306e-01  
4.079839e-01 2.233846e+00 2.289064e+00  9.758775e-01  -7.151499e+00 -4.374661e-01  -2.977982e-01  
4.122593e-01 2.203705e+00 2.258265e+00  9.758400e-01  -6.949674e+00 -4.405681e-01  -2.981085e-01  
4.165795e-01 2.174108e+00 2.228007e+00  9.758086e-01  -6.753089e+00 -4.436755e-01  -2.983791e-01  
4.209449e-01 2.145049e+00 2.198284e+00  9.757833e-01  -6.561613e+00 -4.467893e-01  -2.986115e-01  
4.253561e-01 2.116518e+00 2.169087e+00  9.757644e-01  -6.375117e+00 -4.499077e-01  -2.988027e-01  
4.298135e-01 2.088509e+00 2.140409e+00  9.757521e-01  -6.193457e+00 -4.530186e-01  -2.989339e-01  
4.343177e-01 2.061013e+00 2.112243e+00  9.757464e-01  -6.016533e+00 -4.561340e-01  -2.990242e-01  
4.388690e-01 2.034025e+00 2.084580e+00  9.757477e-01  -5.844224e+00 -4.592533e-01  -2.990722e-01  
4.434680e-01 2.007535e+00 2.057415e+00  9.757560e-01  -5.676416e+00 -4.623758e-01  -2.990768e-01  
4.481152e-01 1.981538e+00 2.030739e+00  9.757715e-01  -5.512980e+00 -4.654895e-01  -2.990204e-01  
4.528112e-01 1.956025e+00 2.004546e+00  9.757945e-01  -5.353822e+00 -4.686041e-01  -2.989178e-01  
4.575563e-01 1.930990e+00 1.978829e+00  9.758250e-01  -5.198836e+00 -4.717199e-01  -2.987694e-01  
4.623511e-01 1.906427e+00 1.953580e+00  9.758632e-01  -5.047917e+00 -4.748363e-01  -2.985740e-01  
4.671962e-01 1.882327e+00 1.928793e+00  9.759093e-01  -4.900963e+00 -4.779504e-01  -2.983281e-01  
4.720921e-01 1.858685e+00 1.904462e+00  9.759634e-01  -4.757868e+00 -4.810551e-01  -2.980222e-01  
4.770393e-01 1.835494e+00 1.880580e+00  9.760257e-01  -4.618545e+00 -4.841584e-01  -2.976676e-01  
4.820383e-01 1.812747e+00 1.857139e+00  9.760963e-01  -4.482902e+00 -4.872595e-01  -2.972634e-01  
4.870897e-01 1.790437e+00 1.834135e+00  9.761754e-01  -4.350845e+00 -4.903576e-01  -2.968086e-01  
4.921941e-01 1.768559e+00 1.811560e+00  9.762631e-01  -4.222288e+00 -4.934520e-01  -2.963027e-01  
4.973519e-01 1.747106e+00 1.789409e+00  9.763596e-01  -4.097140e+00 -4.965389e-01  -2.957412e-01  
5.025638e-01 1.726072e+00 1.767674e+00  9.764649e-01  -3.975318e+00 -4.996161e-01  -2.951219e-01  
5.078303e-01 1.705450e+00 1.746351e+00  9.765791e-01  -3.856743e+00 -5.026877e-01  -2.944505e-01  
5.131520e-01 1.685235e+00 1.725433e+00  9.767024e-01  -3.741334e+00 -5.057529e-01  -2.937265e-01  
5.185294e-01 1.665420e+00 1.704914e+00  9.768349e-01  -3.629014e+00 -5.088111e-01  -2.929493e-01  
5.239632e-01 1.645999e+00 1.684789e+00  9.769767e-01  -3.519708e+00 -5.118615e-01  -2.921186e-01  
5.294540e-01 1.626967e+00 1.665050e+00  9.771278e-01  -3.413340e+00 -5.149032e-01  -2.912341e-01  
5.350023e-01 1.608318e+00 1.645694e+00  9.772884e-01  -3.309840e+00 -5.179357e-01  -2.902956e-01  
5.406087e-01 1.590046e+00 1.626714e+00  9.774584e-01  -3.209137e+00 -5.209581e-01  -2.893029e-01  
5.462739e-01 1.572144e+00 1.608105e+00  9.776380e-01  -3.111162e+00 -5.239699e-01  -2.882559e-01  
5.519984e-01 1.554609e+00 1.589861e+00  9.778272e-01  -3.015849e+00 -5.269698e-01  -2.871543e-01  
5.577830e-01 1.537434e+00 1.571976e+00  9.780261e-01  -2.923132e+00 -5.299566e-01  -2.859975e-01  
5.636281e-01 1.520613e+00 1.554446e+00  9.782346e-01  -2.832949e+00 -5.329313e-01  -2.847874e-01  
5.695345e-01 1.504141e+00 1.537265e+00  9.784528e-01  -2.745238e+00 -5.358935e-01  -2.835243e-01  
5.755028e-01 1.488013e+00 1.520427e+00  9.786806e-01  -2.659939e+00 -5.388425e-01  -2.822083e-01  
5.815337e-01 1.472223e+00 1.503928e+00  9.789181e-01  -2.576993e+00 -5.417778e-01  -2.808400e-01  
5.876277e-01 1.456766e+00 1.487763e+00  9.791653e-01  -2.496342e+00 -5.446988e-01  -2.794197e-01  
5.937856e-01 1.441636e+00 1.471926e+00  9.794221e-01  -2.417930e+00 -5.476037e-01  -2.779467e-01  
6.000081e-01 1.426830e+00 1.456412e+00  9.796884e-01  -2.341703e+00 -5.504922e-01  -2.764220e-01  
6.062957e-01 1.412340e+00 1.441216e+00  9.799643e-01  -2.267607e+00 -5.533645e-01  -2.748467e-01  
6.126493e-01 1.398163e+00 1.426334e+00  9.802496e-01  -2.195591e+00 -5.562204e-01  -2.732217e-01  
6.190694e-01 1.384293e+00 1.411760e+00  9.805443e-01  -2.125603e+00 -5.590594e-01  -2.715476e-01  
6.255568e-01 1.370726e+00 1.397490e+00  9.808482e-01  -2.057594e+00 -5.618813e-01  -2.698254e-01  
6.321121e-01 1.357456e+00 1.383519e+00  9.811613e-01  -1.991515e+00 -5.646858e-01  -2.680559e-01  
6.387362e-01 1.344478e+00 1.369842e+00  9.814834e-01  -1.927319e+00 -5.674727e-01  -2.662401e-01  
6.454297e-01 1.331787e+00 1.356455e+00  9.818144e-01  -1.864959e+00 -5.702391e-01  -2.643775e-01  
6.521933e-01 1.319379e+00 1.343353e+00  9.821542e-01  -1.804390e+00 -5.729831e-01  -2.624683e-01  
6.590278e-01 1.307250e+00 1.330531e+00  9.825025e-01  -1.745569e+00 -5.757087e-01  -2.605161e-01  
6.659339e-01 1.295393e+00 1.317984e+00  9.828593e-01  -1.688451e+00 -5.784159e-01  -2.585216e-01  
6.729124e-01 1.283805e+00 1.305709e+00  9.832243e-01  -1.632995e+00 -5.811009e-01  -2.564847e-01  
6.799641e-01 1.272481e+00 1.293701e+00  9.835974e-01  -1.579159e+00 -5.837620e-01  -2.544061e-01  
6.870896e-01 1.261416e+00 1.281955e+00  9.839783e-01  -1.526903e+00 -5.864046e-01  -2.522889e-01  
6.942898e-01 1.250606e+00 1.270467e+00  9.843668e-01  -1.476187e+00 -5.890234e-01  -2.501327e-01  
7.015654e-01 1.240046e+00 1.259233e+00  9.847627e-01  -1.426972e+00 -5.916188e-01  -2.479391e-01  
7.089173e-01 1.229732e+00 1.248248e+00  9.851658e-01  -1.379221e+00 -5.941938e-01  -2.457102e-01  
7.163463e-01 1.219659e+00 1.237509e+00  9.855757e-01  -1.332897e+00 -5.967417e-01  -2.434459e-01  
7.238530e-01 1.209823e+00 1.227010e+00  9.859923e-01  -1.287964e+00 -5.992693e-01  -2.411488e-01  
7.314385e-01 1.200219e+00 1.216749e+00  9.864153e-01  -1.244385e+00 -6.017700e-01  -2.388194e-01  
7.391034e-01 1.190844e+00 1.206719e+00  9.868443e-01  -1.202127e+00 -6.042475e-01  -2.364597e-01  
7.468487e-01 1.181693e+00 1.196919e+00  9.872792e-01  -1.161155e+00 -6.067020e-01  -2.340709e-01  
7.546751e-01 1.172762e+00 1.187343e+00  9.877196e-01  -1.121437e+00 -6.091279e-01  -2.316543e-01  
7.625836e-01 1.164047e+00 1.177988e+00  9.881652e-01  -1.082940e+00 -6.115299e-01  -2.292116e-01  
7.705749e-01 1.155543e+00 1.168849e+00  9.886157e-01  -1.045631e+00 -6.139069e-01  -2.267442e-01  
7.786499e-01 1.147246e+00 1.159923e+00  9.890708e-01  -1.009479e+00 -6.162581e-01  -2.242536e-01  
7.868096e-01 1.139153e+00 1.151206e+00  9.895302e-01  -9.744554e-01 -6.185829e-01  -2.217413e-01  
7.950548e-01 1.131259e+00 1.142693e+00  9.899935e-01  -9.405287e-01 -6.208813e-01  -2.192089e-01  
8.033864e-01 1.123561e+00 1.134382e+00  9.904605e-01  -9.076700e-01 -6.231530e-01  -2.166578e-01  
8.118053e-01 1.116054e+00 1.126269e+00  9.909309e-01  -8.758508e-01 -6.253984e-01  -2.140896e-01  
8.203124e-01 1.108735e+00 1.118348e+00  9.914042e-01  -8.450428e-01 -6.276179e-01  -2.115056e-01  
8.289087e-01 1.101600e+00 1.110618e+00  9.918801e-01  -8.152190e-01 -6.298083e-01  -2.089081e-01  
8.375950e-01 1.094645e+00 1.103074e+00  9.923584e-01  -7.863521e-01 -6.319734e-01  -2.062975e-01  
8.463724e-01 1.087866e+00 1.095713e+00  9.928387e-01  -7.584161e-01 -6.341098e-01  -2.036765e-01  
8.552418e-01 1.081261e+00 1.088531e+00  9.933207e-01  -7.313853e-01 -6.362193e-01  -2.010458e-01  
8.642041e-01 1.074824e+00 1.081525e+00  9.938040e-01  -7.052343e-01 -6.383016e-01  -1.984071e-01  
8.732603e-01 1.068552e+00 1.074691e+00  9.942884e-01  -6.799386e-01 -6.403566e-01  -1.957618e-01  
8.824114e-01 1.062443e+00 1.068025e+00  9.947734e-01  -6.554742e-01 -6.423831e-01  -1.931120e-01  
8.916584e-01 1.056492e+00 1.061525e+00  9.952588e-01  -6.318174e-01 -6.443826e-01  -1.904584e-01  
9.010024e-01 1.050696e+00 1.055186e+00  9.957443e-01  -6.089451e-01 -6.463542e-01  -1.878028e-01  
9.104442e-01 1.045051e+00 1.049007e+00  9.962295e-01  -5.868349e-01 -6.482985e-01  -1.851464e-01  
9.199850e-01 1.039555e+00 1.042982e+00  9.967141e-01  -5.654648e-01 -6.502147e-01  -1.824909e-01  
9.296258e-01 1.034204e+00 1.037110e+00  9.971979e-01  -5.448131e-01 -6.521032e-01  -1.798376e-01  
9.393676e-01 1.028995e+00 1.031387e+00  9.976806e-01  -5.248588e-01 -6.539642e-01  -1.771877e-01  
9.492114e-01 1.023923e+00 1.025809e+00  9.981618e-01  -5.055813e-01 -6.557976e-01  -1.745426e-01  
9.591585e-01 1.018988e+00 1.020374e+00  9.986413e-01  -4.869606e-01 -6.576034e-01  -1.719036e-01  
9.692098e-01 1.014184e+00 1.015079e+00  9.991187e-01  -4.689769e-01 -6.593817e-01  -1.692720e-01  
9.793664e-01 1.009510e+00 1.009920e+00  9.995940e-01  -4.516111e-01 -6.611327e-01  -1.666489e-01  
9.896294e-01 1.004962e+00 1.004895e+00  1.000067e+00  -4.348446e-01 -6.628563e-01  -1.640356e-01  
1.000000e+00 1.000537e+00 1.000000e+00  1.000537e+00  -4.186589e-01 -6.645528e-01  -1.614332e-01  
