3.000000e-05 3.382416e+06 3.382416e+06  9.999998e-01  -1.691208e+11 -5.497583e-22  -1.000000e-06  
3.031438e-05 3.329939e+06 3.329937e+06  1.000001e+00  -1.647702e+11 -5.101097e-08  -3.390957e-06  
3.063205e-05 3.278272e+06 3.278271e+06  1.000000e+00  -1.605314e+11 -1.025565e-07  -5.806969e-06  
3.095305e-05 3.227406e+06 3.227407e+06  9.999998e-01  -1.564017e+11 -1.723590e-07  -7.136294e-06  
3.127742e-05 3.177332e+06 3.177332e+06  9.999998e-01  -1.523783e+11 -2.515272e-07  -7.937616e-06  
3.160518e-05 3.128035e+06 3.128034e+06  1.000000e+00  -1.484583e+11 -3.365728e-07  -8.672372e-06  
3.193638e-05 3.079501e+06 3.079501e+06  1.000000e+00  -1.446392e+11 -4.320595e-07  -9.272999e-06  
3.227105e-05 3.031722e+06 3.031722e+06  1.000000e+00  -1.409183e+11 -5.287705e-07  -9.877805e-06  
3.260923e-05 2.984683e+06 2.984683e+06  9.999999e-01  -1.372932e+11 -6.372530e-07  -1.038709e-05  
3.295095e-05 2.938374e+06 2.938374e+06  1.000000e+00  -1.337613e+11 -7.468724e-07  -1.090171e-05  
3.329625e-05 2.892784e+06 2.892784e+06  1.000000e+00  -1.303203e+11 -8.638906e-07  -1.137794e-05  
3.364517e-05 2.847901e+06 2.847901e+06  1.000000e+00  -1.269678e+11 -9.849058e-07  -1.183975e-05  
3.399775e-05 2.803714e+06 2.803714e+06  1.000000e+00  -1.237015e+11 -1.110029e-06  -1.229057e-05  
3.435402e-05 2.760213e+06 2.760213e+06  9.999999e-01  -1.205192e+11 -1.241379e-06  -1.271872e-05  
3.471402e-05 2.717387e+06 2.717387e+06  1.000000e+00  -1.174189e+11 -1.374384e-06  -1.315006e-05  
3.507780e-05 2.675226e+06 2.675226e+06  9.999999e-01  -1.143982e+11 -1.515361e-06  -1.355545e-05  
3.544539e-05 2.633718e+06 2.633718e+06  1.000000e+00  -1.114553e+11 -1.657816e-06  -1.396507e-05  
3.581683e-05 2.592855e+06 2.592855e+06  9.999999e-01  -1.085881e+11 -1.806172e-06  -1.436149e-05  
3.619217e-05 2.552625e+06 2.552626e+06  1.000000e+00  -1.057947e+11 -1.957854e-06  -1.475503e-05  
3.657143e-05 2.513020e+06 2.513020e+06  1.000000e+00  -1.030731e+11 -2.113310e-06  -1.514511e-05  
3.695467e-05 2.474029e+06 2.474030e+06  9.999999e-01  -1.004215e+11 -2.273859e-06  -1.552724e-05  
3.734193e-05 2.435644e+06 2.435644e+06  1.000000e+00  -9.783817e+10 -2.436409e-06  -1.591238e-05  
3.773325e-05 2.397853e+06 2.397854e+06  9.999999e-01  -9.532126e+10 -2.605561e-06  -1.628642e-05  
3.812866e-05 2.360650e+06 2.360650e+06  1.000000e+00  -9.286911e+10 -2.776485e-06  -1.666438e-05  
3.852823e-05 2.324023e+06 2.324023e+06  9.999999e-01  -9.048004e+10 -2.952766e-06  -1.703636e-05  
3.893197e-05 2.287965e+06 2.287965e+06  9.999999e-01  -8.815242e+10 -3.132188e-06  -1.740864e-05  
3.933995e-05 2.252466e+06 2.252466e+06  9.999999e-01  -8.588469e+10 -3.315344e-06  -1.778011e-05  
3.975220e-05 2.217518e+06 2.217518e+06  9.999999e-01  -8.367529e+10 -3.503121e-06  -1.814862e-05  
4.016878e-05 2.183112e+06 2.183112e+06  1.000000e+00  -8.152273e+10 -3.693215e-06  -1.852018e-05  
4.058972e-05 2.149240e+06 2.149240e+06  9.999999e-01  -7.942554e+10 -3.889246e-06  -1.888644e-05  
4.101507e-05 2.115893e+06 2.115893e+06  9.999999e-01  -7.738231e+10 -4.087331e-06  -1.925653e-05  
4.144488e-05 2.083064e+06 2.083064e+06  9.999999e-01  -7.539164e+10 -4.290560e-06  -1.962388e-05  
4.187919e-05 2.050744e+06 2.050745e+06  9.999999e-01  -7.345218e+10 -4.496918e-06  -1.999293e-05  
4.231805e-05 2.018926e+06 2.018926e+06  9.999999e-01  -7.156261e+10 -4.707092e-06  -2.036253e-05  
4.276151e-05 1.987601e+06 1.987602e+06  9.999999e-01  -6.972165e+10 -4.921681e-06  -2.073155e-05  
4.320962e-05 1.956763e+06 1.956763e+06  9.999999e-01  -6.792805e+10 -5.138896e-06  -2.110373e-05  
4.366243e-05 1.926403e+06 1.926403e+06  9.999999e-01  -6.618059e+10 -5.361699e-06  -2.147358e-05  
4.411998e-05 1.896514e+06 1.896514e+06  9.999999e-01  -6.447808e+10 -5.586838e-06  -2.184731e-05  
4.458232e-05 1.867088e+06 1.867089e+06  9.999999e-01  -6.281937e+10 -5.817071e-06  -2.222012e-05  
4.504951e-05 1.838120e+06 1.838120e+06  9.999999e-01  -6.120333e+10 -6.050511e-06  -2.259544e-05  
4.552160e-05 1.809600e+06 1.809600e+06  9.999999e-01  -5.962887e+10 -6.287915e-06  -2.297215e-05  
4.599863e-05 1.781523e+06 1.781524e+06  9.999999e-01  -5.809491e+10 -6.529674e-06  -2.334969e-05  
4.648066e-05 1.753882e+06 1.753882e+06  9.999999e-01  -5.660041e+10 -6.774366e-06  -2.373055e-05  
4.696775e-05 1.726670e+06 1.726670e+06  9.999998e-01  -5.514435e+10 -7.024478e-06  -2.411089e-05  
4.745993e-05 1.699880e+06 1.699880e+06  9.999999e-01  -5.372575e+10 -7.277210e-06  -2.449521e-05  
4.795728e-05 1.673505e+06 1.673506e+06  9.999998e-01  -5.234365e+10 -7.535086e-06  -2.487981e-05  
4.845984e-05 1.647540e+06 1.647540e+06  9.999998e-01  -5.099710e+10 -7.796305e-06  -2.526747e-05  
4.896766e-05 1.621978e+06 1.621978e+06  9.999998e-01  -4.968519e+10 -8.061679e-06  -2.565716e-05  
4.948080e-05 1.596812e+06 1.596812e+06  9.999998e-01  -4.840703e+10 -8.331441e-06  -2.604862e-05  
4.999933e-05 1.572037e+06 1.572037e+06  9.999998e-01  -4.716176e+10 -8.604448e-06  -2.644361e-05  
5.052328e-05 1.547646e+06 1.547646e+06  9.999998e-01  -4.594851e+10 -8.882822e-06  -2.683930e-05  
5.105273e-05 1.523633e+06 1.523633e+06  9.999998e-01  -4.476648e+10 -9.164113e-06  -2.723914e-05  
5.158772e-05 1.499993e+06 1.499994e+06  9.999998e-01  -4.361485e+10 -9.450663e-06  -2.764013e-05  
5.212833e-05 1.476720e+06 1.476720e+06  9.999998e-01  -4.249285e+10 -9.740735e-06  -2.804463e-05  
5.267459e-05 1.453808e+06 1.453808e+06  9.999998e-01  -4.139972e+10 -1.003519e-05  -2.845168e-05  
5.322658e-05 1.431252e+06 1.431252e+06  9.999998e-01  -4.033470e+10 -1.033413e-05  -2.886122e-05  
5.378436e-05 1.409045e+06 1.409045e+06  9.999998e-01  -3.929709e+10 -1.063664e-05  -2.927452e-05  
5.434798e-05 1.387183e+06 1.387183e+06  9.999997e-01  -3.828616e+10 -1.094454e-05  -2.968944e-05  
5.491751e-05 1.365660e+06 1.365660e+06  9.999998e-01  -3.730125e+10 -1.125567e-05  -3.010871e-05  
5.549300e-05 1.344471e+06 1.344472e+06  9.999997e-01  -3.634167e+10 -1.157223e-05  -3.052982e-05  
5.607453e-05 1.323611e+06 1.323611e+06  9.999997e-01  -3.540677e+10 -1.189252e-05  -3.095486e-05  
5.666215e-05 1.303075e+06 1.303075e+06  9.999997e-01  -3.449593e+10 -1.221746e-05  -3.138290e-05  
5.725593e-05 1.282857e+06 1.282857e+06  9.999997e-01  -3.360851e+10 -1.254703e-05  -3.181402e-05  
5.785593e-05 1.262953e+06 1.262953e+06  9.999997e-01  -3.274393e+10 -1.288050e-05  -3.224916e-05  
5.846221e-05 1.243357e+06 1.243358e+06  9.999997e-01  -3.190158e+10 -1.321947e-05  -3.268667e-05  
5.907485e-05 1.224066e+06 1.224066e+06  9.999997e-01  -3.108091e+10 -1.356198e-05  -3.312876e-05  
5.969391e-05 1.205074e+06 1.205074e+06  9.999996e-01  -3.028135e+10 -1.391014e-05  -3.357331e-05  
6.031946e-05 1.186377e+06 1.186377e+06  9.999997e-01  -2.950236e+10 -1.426227e-05  -3.402215e-05  
6.095157e-05 1.167969e+06 1.167970e+06  9.999996e-01  -2.874340e+10 -1.461934e-05  -3.447443e-05  
6.159029e-05 1.149848e+06 1.149848e+06  9.999996e-01  -2.800398e+10 -1.498123e-05  -3.493031e-05  
6.223572e-05 1.132007e+06 1.132008e+06  9.999996e-01  -2.728357e+10 -1.534738e-05  -3.539050e-05  
6.288790e-05 1.114444e+06 1.114444e+06  9.999996e-01  -2.658169e+10 -1.571917e-05  -3.585370e-05  
6.354692e-05 1.097153e+06 1.097153e+06  9.999996e-01  -2.589788e+10 -1.609486e-05  -3.632176e-05  
6.421284e-05 1.080130e+06 1.080130e+06  9.999996e-01  -2.523165e+10 -1.647643e-05  -3.679282e-05  
6.488575e-05 1.063371e+06 1.063371e+06  9.999996e-01  -2.458256e+10 -1.686226e-05  -3.726855e-05  
6.556570e-05 1.046872e+06 1.046873e+06  9.999996e-01  -2.395017e+10 -1.725333e-05  -3.774812e-05  
6.625278e-05 1.030629e+06 1.030630e+06  9.999995e-01  -2.333405e+10 -1.764947e-05  -3.823180e-05  
6.694706e-05 1.014639e+06 1.014639e+06  9.999995e-01  -2.273378e+10 -1.805023e-05  -3.872010e-05  
6.764862e-05 9.988961e+05 9.988966e+05  9.999995e-01  -2.214895e+10 -1.845683e-05  -3.921200e-05  
6.835753e-05 9.833978e+05 9.833983e+05  9.999995e-01  -2.157916e+10 -1.886770e-05  -3.970905e-05  
6.907386e-05 9.681399e+05 9.681404e+05  9.999995e-01  -2.102403e+10 -1.928472e-05  -4.020962e-05  
6.979771e-05 9.531187e+05 9.531192e+05  9.999995e-01  -2.048319e+10 -1.970633e-05  -4.071524e-05  
7.052914e-05 9.383306e+05 9.383311e+05  9.999994e-01  -1.995625e+10 -2.013351e-05  -4.122513e-05  
7.126823e-05 9.237719e+05 9.237725e+05  9.999994e-01  -1.944288e+10 -2.056603e-05  -4.173960e-05  
7.201507e-05 9.094392e+05 9.094397e+05  9.999994e-01  -1.894270e+10 -2.100357e-05  -4.225904e-05  
7.276973e-05 8.953287e+05 8.953293e+05  9.999994e-01  -1.845540e+10 -2.144718e-05  -4.278262e-05  
7.353231e-05 8.814373e+05 8.814378e+05  9.999994e-01  -1.798063e+10 -2.189545e-05  -4.331169e-05  
7.430287e-05 8.677613e+05 8.677619e+05  9.999993e-01  -1.751808e+10 -2.235019e-05  -4.384478e-05  
7.508151e-05 8.542976e+05 8.542981e+05  9.999994e-01  -1.706742e+10 -2.280986e-05  -4.438332e-05  
7.586831e-05 8.410427e+05 8.410433e+05  9.999993e-01  -1.662836e+10 -2.327547e-05  -4.492657e-05  
7.666335e-05 8.279935e+05 8.279941e+05  9.999993e-01  -1.620059e+10 -2.374673e-05  -4.547486e-05  
7.746673e-05 8.151468e+05 8.151474e+05  9.999993e-01  -1.578383e+10 -2.422342e-05  -4.602850e-05  
7.827852e-05 8.024994e+05 8.025000e+05  9.999993e-01  -1.537779e+10 -2.470648e-05  -4.658681e-05  
7.909882e-05 7.900482e+05 7.900488e+05  9.999993e-01  -1.498219e+10 -2.519460e-05  -4.715098e-05  
7.992772e-05 7.777902e+05 7.777908e+05  9.999992e-01  -1.459677e+10 -2.568955e-05  -4.771968e-05  
8.076531e-05 7.657224e+05 7.657230e+05  9.999992e-01  -1.422127e+10 -2.618979e-05  -4.829424e-05  
8.161167e-05 7.538418e+05 7.538424e+05  9.999992e-01  -1.385542e+10 -2.669638e-05  -4.887397e-05  
8.246690e-05 7.421456e+05 7.421462e+05  9.999992e-01  -1.349899e+10 -2.720896e-05  -4.945921e-05  
8.333109e-05 7.306309e+05 7.306315e+05  9.999992e-01  -1.315173e+10 -2.772742e-05  -5.005020e-05  
8.420434e-05 7.192947e+05 7.192954e+05  9.999991e-01  -1.281340e+10 -2.825256e-05  -5.064641e-05  
8.508674e-05 7.081345e+05 7.081351e+05  9.999991e-01  -1.248377e+10 -2.878321e-05  -5.124887e-05  
8.597838e-05 6.971474e+05 6.971481e+05  9.999991e-01  -1.216262e+10 -2.932108e-05  -5.185637e-05  
8.687937e-05 6.863309e+05 6.863315e+05  9.999991e-01  -1.184974e+10 -2.986465e-05  -5.247018e-05  
8.778981e-05 6.756821e+05 6.756827e+05  9.999991e-01  -1.154490e+10 -3.041499e-05  -5.308962e-05  
8.870978e-05 6.651985e+05 6.651992e+05  9.999990e-01  -1.124791e+10 -3.097171e-05  -5.371509e-05  
8.963939e-05 6.548777e+05 6.548783e+05  9.999990e-01  -1.095855e+10 -3.153478e-05  -5.434673e-05  
9.057875e-05 6.447169e+05 6.447176e+05  9.999990e-01  -1.067664e+10 -3.210490e-05  -5.498413e-05  
9.152795e-05 6.347138e+05 6.347144e+05  9.999990e-01  -1.040198e+10 -3.268099e-05  -5.562822e-05  
9.248709e-05 6.248659e+05 6.248665e+05  9.999989e-01  -1.013439e+10 -3.326473e-05  -5.627787e-05  
9.345629e-05 6.151708e+05 6.151714e+05  9.999989e-01  -9.873682e+09 -3.385461e-05  -5.693432e-05  
9.443564e-05 6.056261e+05 6.056268e+05  9.999989e-01  -9.619679e+09 -3.445172e-05  -5.759689e-05  
9.542526e-05 5.962295e+05 5.962302e+05  9.999989e-01  -9.372211e+09 -3.505564e-05  -5.826600e-05  
9.642524e-05 5.869787e+05 5.869794e+05  9.999989e-01  -9.131110e+09 -3.566641e-05  -5.894175e-05  
9.743571e-05 5.778714e+05 5.778721e+05  9.999988e-01  -8.896210e+09 -3.628464e-05  -5.962383e-05  
9.845676e-05 5.689055e+05 5.689061e+05  9.999988e-01  -8.667354e+09 -3.690935e-05  -6.031305e-05  
9.948852e-05 5.600786e+05 5.600793e+05  9.999987e-01  -8.444385e+09 -3.754215e-05  -6.100841e-05  
1.005311e-04 5.513887e+05 5.513894e+05  9.999988e-01  -8.227152e+09 -3.818158e-05  -6.171106e-05  
1.015846e-04 5.428336e+05 5.428343e+05  9.999987e-01  -8.015507e+09 -3.882874e-05  -6.242036e-05  
1.026491e-04 5.344113e+05 5.344120e+05  9.999987e-01  -7.809306e+09 -3.948318e-05  -6.313674e-05  
1.037248e-04 5.261196e+05 5.261203e+05  9.999987e-01  -7.608411e+09 -4.014500e-05  -6.386027e-05  
1.048118e-04 5.179566e+05 5.179573e+05  9.999986e-01  -7.412683e+09 -4.081473e-05  -6.459072e-05  
1.059101e-04 5.099203e+05 5.099210e+05  9.999986e-01  -7.221991e+09 -4.149151e-05  -6.532880e-05  
1.070200e-04 5.020086e+05 5.020093e+05  9.999985e-01  -7.036204e+09 -4.217682e-05  -6.607363e-05  
1.081415e-04 4.942197e+05 4.942204e+05  9.999986e-01  -6.855196e+09 -4.286932e-05  -6.682627e-05  
1.092747e-04 4.865516e+05 4.865523e+05  9.999985e-01  -6.678845e+09 -4.357008e-05  -6.758612e-05  
1.104198e-04 4.790025e+05 4.790032e+05  9.999985e-01  -6.507031e+09 -4.427862e-05  -6.835363e-05  
1.115769e-04 4.715705e+05 4.715712e+05  9.999985e-01  -6.339636e+09 -4.499512e-05  -6.912884e-05  
1.127462e-04 4.642538e+05 4.642546e+05  9.999984e-01  -6.176548e+09 -4.572002e-05  -6.991157e-05  
1.139277e-04 4.570507e+05 4.570515e+05  9.999984e-01  -6.017655e+09 -4.645258e-05  -7.070246e-05  
1.151216e-04 4.499593e+05 4.499601e+05  9.999983e-01  -5.862850e+09 -4.719416e-05  -7.150076e-05  
1.163279e-04 4.429780e+05 4.429787e+05  9.999983e-01  -5.712027e+09 -4.794351e-05  -7.230743e-05  
1.175470e-04 4.361049e+05 4.361057e+05  9.999983e-01  -5.565084e+09 -4.870170e-05  -7.312190e-05  
1.187788e-04 4.293386e+05 4.293393e+05  9.999982e-01  -5.421922e+09 -4.946823e-05  -7.394465e-05  
1.200235e-04 4.226772e+05 4.226779e+05  9.999982e-01  -5.282442e+09 -5.024332e-05  -7.477568e-05  
1.212813e-04 4.161191e+05 4.161199e+05  9.999982e-01  -5.146550e+09 -5.102736e-05  -7.561489e-05  
1.225522e-04 4.096628e+05 4.096636e+05  9.999982e-01  -5.014154e+09 -5.181971e-05  -7.646283e-05  
1.238364e-04 4.033067e+05 4.033074e+05  9.999981e-01  -4.885164e+09 -5.262161e-05  -7.731886e-05  
1.251342e-04 3.970492e+05 3.970499e+05  9.999981e-01  -4.759492e+09 -5.343191e-05  -7.818386e-05  
1.264455e-04 3.908887e+05 3.908895e+05  9.999980e-01  -4.637054e+09 -5.425168e-05  -7.905730e-05  
1.277705e-04 3.848239e+05 3.848247e+05  9.999980e-01  -4.517765e+09 -5.508038e-05  -7.993968e-05  
1.291095e-04 3.788532e+05 3.788539e+05  9.999980e-01  -4.401544e+09 -5.591831e-05  -8.083097e-05  
1.304624e-04 3.729750e+05 3.729758e+05  9.999979e-01  -4.288314e+09 -5.676577e-05  -8.173112e-05  
1.318296e-04 3.671882e+05 3.671889e+05  9.999979e-01  -4.177996e+09 -5.762223e-05  -8.264063e-05  
1.332111e-04 3.614910e+05 3.614918e+05  9.999978e-01  -4.070517e+09 -5.848883e-05  -8.355894e-05  
1.346070e-04 3.558823e+05 3.558831e+05  9.999978e-01  -3.965802e+09 -5.936451e-05  -8.448688e-05  
1.360176e-04 3.503606e+05 3.503614e+05  9.999978e-01  -3.863781e+09 -6.025032e-05  -8.542395e-05  
1.374430e-04 3.449246e+05 3.449254e+05  9.999977e-01  -3.764385e+09 -6.114572e-05  -8.637065e-05  
1.388833e-04 3.395729e+05 3.395737e+05  9.999977e-01  -3.667545e+09 -6.205104e-05  -8.732693e-05  
1.403387e-04 3.343042e+05 3.343050e+05  9.999976e-01  -3.573197e+09 -6.296655e-05  -8.829281e-05  
1.418093e-04 3.291173e+05 3.291181e+05  9.999976e-01  -3.481276e+09 -6.389178e-05  -8.926873e-05  
1.432954e-04 3.240109e+05 3.240117e+05  9.999975e-01  -3.391719e+09 -6.482780e-05  -9.025421e-05  
1.447970e-04 3.189837e+05 3.189845e+05  9.999975e-01  -3.304467e+09 -6.577363e-05  -9.125001e-05  
1.463144e-04 3.140345e+05 3.140353e+05  9.999975e-01  -3.219459e+09 -6.673031e-05  -9.225568e-05  
1.478476e-04 3.091621e+05 3.091629e+05  9.999974e-01  -3.136638e+09 -6.769728e-05  -9.327173e-05  
1.493970e-04 3.043653e+05 3.043661e+05  9.999974e-01  -3.055947e+09 -6.867493e-05  -9.429810e-05  
1.509625e-04 2.996429e+05 2.996437e+05  9.999973e-01  -2.977332e+09 -6.966346e-05  -9.533484e-05  
1.525445e-04 2.949938e+05 2.949946e+05  9.999973e-01  -2.900740e+09 -7.066250e-05  -9.638234e-05  
1.541431e-04 2.904168e+05 2.904176e+05  9.999972e-01  -2.826118e+09 -7.167303e-05  -9.744022e-05  
1.557584e-04 2.859108e+05 2.859116e+05  9.999972e-01  -2.753416e+09 -7.269416e-05  -9.850918e-05  
1.573906e-04 2.814748e+05 2.814756e+05  9.999971e-01  -2.682583e+09 -7.372690e-05  -9.958879e-05  
1.590400e-04 2.771075e+05 2.771083e+05  9.999971e-01  -2.613573e+09 -7.477070e-05  -1.006796e-04  
1.607066e-04 2.728081e+05 2.728089e+05  9.999971e-01  -2.546339e+09 -7.582597e-05  -1.017815e-04  
1.623907e-04 2.685753e+05 2.685761e+05  9.999970e-01  -2.480834e+09 -7.689290e-05  -1.028946e-04  
1.640924e-04 2.644082e+05 2.644090e+05  9.999970e-01  -2.417014e+09 -7.797118e-05  -1.040192e-04  
1.658120e-04 2.603058e+05 2.603066e+05  9.999969e-01  -2.354836e+09 -7.906171e-05  -1.051551e-04  
1.675496e-04 2.562670e+05 2.562678e+05  9.999969e-01  -2.294257e+09 -8.016366e-05  -1.063029e-04  
1.693053e-04 2.522909e+05 2.522917e+05  9.999968e-01  -2.235237e+09 -8.127808e-05  -1.074622e-04  
1.710795e-04 2.483765e+05 2.483773e+05  9.999968e-01  -2.177735e+09 -8.240436e-05  -1.086335e-04  
1.728723e-04 2.445228e+05 2.445236e+05  9.999967e-01  -2.121713e+09 -8.354299e-05  -1.098167e-04  
1.746839e-04 2.407289e+05 2.407297e+05  9.999966e-01  -2.067131e+09 -8.469410e-05  -1.110121e-04  
1.765145e-04 2.369938e+05 2.369946e+05  9.999966e-01  -2.013954e+09 -8.585746e-05  -1.122199e-04  
1.783642e-04 2.333167e+05 2.333175e+05  9.999965e-01  -1.962144e+09 -8.703389e-05  -1.134398e-04  
1.802333e-04 2.296967e+05 2.296975e+05  9.999965e-01  -1.911668e+09 -8.822266e-05  -1.146725e-04  
1.821220e-04 2.261328e+05 2.261336e+05  9.999964e-01  -1.862490e+09 -8.942477e-05  -1.159176e-04  
1.840306e-04 2.226243e+05 2.226251e+05  9.999964e-01  -1.814577e+09 -9.063965e-05  -1.171756e-04  
1.859591e-04 2.191701e+05 2.191709e+05  9.999963e-01  -1.767897e+09 -9.186780e-05  -1.184465e-04  
1.879078e-04 2.157696e+05 2.157704e+05  9.999962e-01  -1.722417e+09 -9.310932e-05  -1.197305e-04  
1.898769e-04 2.124218e+05 2.124226e+05  9.999962e-01  -1.678108e+09 -9.436405e-05  -1.210277e-04  
1.918667e-04 2.091260e+05 2.091268e+05  9.999961e-01  -1.634938e+09 -9.563275e-05  -1.223381e-04  
1.938773e-04 2.058813e+05 2.058821e+05  9.999961e-01  -1.592879e+09 -9.691475e-05  -1.236623e-04  
1.959090e-04 2.026869e+05 2.026877e+05  9.999960e-01  -1.551902e+09 -9.821107e-05  -1.249998e-04  
1.979620e-04 1.995421e+05 1.995429e+05  9.999960e-01  -1.511979e+09 -9.952111e-05  -1.263512e-04  
2.000365e-04 1.964461e+05 1.964469e+05  9.999959e-01  -1.473083e+09 -1.008454e-04  -1.277165e-04  
2.021327e-04 1.933981e+05 1.933989e+05  9.999958e-01  -1.435188e+09 -1.021841e-04  -1.290959e-04  
2.042509e-04 1.903975e+05 1.903983e+05  9.999958e-01  -1.398267e+09 -1.035369e-04  -1.304895e-04  
2.063913e-04 1.874433e+05 1.874441e+05  9.999957e-01  -1.362297e+09 -1.049048e-04  -1.318974e-04  
2.085541e-04 1.845351e+05 1.845359e+05  9.999957e-01  -1.327251e+09 -1.062869e-04  -1.333200e-04  
2.107396e-04 1.816719e+05 1.816727e+05  9.999956e-01  -1.293108e+09 -1.076845e-04  -1.347570e-04  
2.129480e-04 1.788531e+05 1.788540e+05  9.999955e-01  -1.259842e+09 -1.090967e-04  -1.362090e-04  
2.151796e-04 1.760781e+05 1.760789e+05  9.999954e-01  -1.227432e+09 -1.105243e-04  -1.376759e-04  
2.174345e-04 1.733462e+05 1.733470e+05  9.999954e-01  -1.195856e+09 -1.119673e-04  -1.391580e-04  
2.197130e-04 1.706566e+05 1.706574e+05  9.999953e-01  -1.165093e+09 -1.134257e-04  -1.406554e-04  
2.220155e-04 1.680088e+05 1.680096e+05  9.999952e-01  -1.135121e+09 -1.149000e-04  -1.421682e-04  
2.243420e-04 1.654021e+05 1.654029e+05  9.999952e-01  -1.105919e+09 -1.163898e-04  -1.436967e-04  
2.266930e-04 1.628357e+05 1.628365e+05  9.999951e-01  -1.077469e+09 -1.178960e-04  -1.452409e-04  
2.290685e-04 1.603093e+05 1.603101e+05  9.999950e-01  -1.049751e+09 -1.194182e-04  -1.468011e-04  
2.314690e-04 1.578220e+05 1.578228e+05  9.999949e-01  -1.022746e+09 -1.209568e-04  -1.483775e-04  
2.338946e-04 1.553733e+05 1.553741e+05  9.999949e-01  -9.964360e+08 -1.225119e-04  -1.499701e-04  
2.363457e-04 1.529626e+05 1.529634e+05  9.999948e-01  -9.708025e+08 -1.240835e-04  -1.515793e-04  
2.388224e-04 1.505893e+05 1.505901e+05  9.999947e-01  -9.458284e+08 -1.256723e-04  -1.532049e-04  
2.413251e-04 1.482528e+05 1.482536e+05  9.999947e-01  -9.214968e+08 -1.272778e-04  -1.548476e-04  
2.438540e-04 1.459526e+05 1.459534e+05  9.999945e-01  -8.977911e+08 -1.289009e-04  -1.565071e-04  
2.464094e-04 1.436880e+05 1.436888e+05  9.999945e-01  -8.746953e+08 -1.305410e-04  -1.581838e-04  
2.489916e-04 1.414586e+05 1.414594e+05  9.999944e-01  -8.521936e+08 -1.321989e-04  -1.598779e-04  
2.516009e-04 1.392638e+05 1.392646e+05  9.999943e-01  -8.302707e+08 -1.338745e-04  -1.615895e-04  
2.542374e-04 1.371031e+05 1.371039e+05  9.999943e-01  -8.089119e+08 -1.355679e-04  -1.633190e-04  
2.569017e-04 1.349758e+05 1.349766e+05  9.999941e-01  -7.881024e+08 -1.372797e-04  -1.650662e-04  
2.595938e-04 1.328816e+05 1.328824e+05  9.999941e-01  -7.678284e+08 -1.390095e-04  -1.668317e-04  
2.623142e-04 1.308199e+05 1.308207e+05  9.999940e-01  -7.480758e+08 -1.407581e-04  -1.686152e-04  
2.650630e-04 1.287901e+05 1.287909e+05  9.999939e-01  -7.288315e+08 -1.425252e-04  -1.704175e-04  
2.678407e-04 1.267919e+05 1.267927e+05  9.999938e-01  -7.100821e+08 -1.443113e-04  -1.722383e-04  
2.706475e-04 1.248246e+05 1.248254e+05  9.999937e-01  -6.918151e+08 -1.461164e-04  -1.740780e-04  
2.734836e-04 1.228879e+05 1.228887e+05  9.999937e-01  -6.740181e+08 -1.479407e-04  -1.759368e-04  
2.763496e-04 1.209812e+05 1.209820e+05  9.999935e-01  -6.566788e+08 -1.497847e-04  -1.778148e-04  
2.792455e-04 1.191041e+05 1.191049e+05  9.999935e-01  -6.397856e+08 -1.516480e-04  -1.797125e-04  
2.821718e-04 1.172562e+05 1.172569e+05  9.999934e-01  -6.233270e+08 -1.535317e-04  -1.816296e-04  
2.851287e-04 1.154369e+05 1.154377e+05  9.999933e-01  -6.072918e+08 -1.554351e-04  -1.835668e-04  
2.881167e-04 1.136458e+05 1.136466e+05  9.999932e-01  -5.916691e+08 -1.573590e-04  -1.855240e-04  
2.911359e-04 1.118825e+05 1.118833e+05  9.999931e-01  -5.764483e+08 -1.593033e-04  -1.875016e-04  
2.941868e-04 1.101466e+05 1.101474e+05  9.999930e-01  -5.616191e+08 -1.612683e-04  -1.894997e-04  
2.972697e-04 1.084376e+05 1.084384e+05  9.999929e-01  -5.471713e+08 -1.632544e-04  -1.915185e-04  
3.003848e-04 1.067551e+05 1.067559e+05  9.999928e-01  -5.330952e+08 -1.652613e-04  -1.935584e-04  
3.035327e-04 1.050988e+05 1.050995e+05  9.999927e-01  -5.193812e+08 -1.672900e-04  -1.956193e-04  
3.067135e-04 1.034681e+05 1.034689e+05  9.999926e-01  -5.060201e+08 -1.693400e-04  -1.977017e-04  
3.099276e-04 1.018627e+05 1.018635e+05  9.999925e-01  -4.930026e+08 -1.714121e-04  -1.998057e-04  
3.131754e-04 1.002823e+05 1.002830e+05  9.999924e-01  -4.803200e+08 -1.735060e-04  -2.019316e-04  
3.164572e-04 9.872634e+04 9.872710e+04  9.999923e-01  -4.679637e+08 -1.756222e-04  -2.040796e-04  
3.197735e-04 9.719454e+04 9.719530e+04  9.999922e-01  -4.559252e+08 -1.777611e-04  -2.062499e-04  
3.231245e-04 9.568652e+04 9.568727e+04  9.999921e-01  -4.441965e+08 -1.799224e-04  -2.084428e-04  
3.265106e-04 9.420188e+04 9.420264e+04  9.999920e-01  -4.327694e+08 -1.821071e-04  -2.106584e-04  
3.299322e-04 9.274029e+04 9.274104e+04  9.999919e-01  -4.216363e+08 -1.843147e-04  -2.128971e-04  
3.333896e-04 9.130136e+04 9.130212e+04  9.999918e-01  -4.107897e+08 -1.865460e-04  -2.151591e-04  
3.368833e-04 8.988477e+04 8.988552e+04  9.999917e-01  -4.002220e+08 -1.888008e-04  -2.174446e-04  
3.404136e-04 8.849016e+04 8.849090e+04  9.999916e-01  -3.899262e+08 -1.910796e-04  -2.197539e-04  
3.439809e-04 8.711718e+04 8.711792e+04  9.999914e-01  -3.798953e+08 -1.933827e-04  -2.220871e-04  
3.475855e-04 8.576551e+04 8.576625e+04  9.999914e-01  -3.701224e+08 -1.957100e-04  -2.244448e-04  
3.512280e-04 8.443480e+04 8.443554e+04  9.999912e-01  -3.606009e+08 -1.980623e-04  -2.268268e-04  
3.549086e-04 8.312475e+04 8.312548e+04  9.999911e-01  -3.513244e+08 -2.004393e-04  -2.292337e-04  
3.586278e-04 8.183501e+04 8.183575e+04  9.999910e-01  -3.422865e+08 -2.028418e-04  -2.316656e-04  
3.623859e-04 8.056529e+04 8.056603e+04  9.999909e-01  -3.334811e+08 -2.052696e-04  -2.341228e-04  
3.661835e-04 7.931528e+04 7.931601e+04  9.999908e-01  -3.249023e+08 -2.077232e-04  -2.366056e-04  
3.700208e-04 7.808465e+04 7.808538e+04  9.999906e-01  -3.165441e+08 -2.102028e-04  -2.391143e-04  
3.738983e-04 7.687312e+04 7.687385e+04  9.999905e-01  -3.084009e+08 -2.127086e-04  -2.416491e-04  
3.778165e-04 7.568039e+04 7.568112e+04  9.999904e-01  -3.004672e+08 -2.152412e-04  -2.442102e-04  
3.817758e-04 7.450616e+04 7.450689e+04  9.999903e-01  -2.927377e+08 -2.178004e-04  -2.467981e-04  
3.857765e-04 7.335015e+04 7.335088e+04  9.999901e-01  -2.852069e+08 -2.203869e-04  -2.494128e-04  
3.898191e-04 7.221208e+04 7.221280e+04  9.999900e-01  -2.778699e+08 -2.230007e-04  -2.520548e-04  
3.939042e-04 7.109167e+04 7.109239e+04  9.999899e-01  -2.707217e+08 -2.256421e-04  -2.547244e-04  
3.980320e-04 6.998863e+04 6.998935e+04  9.999897e-01  -2.637573e+08 -2.283117e-04  -2.574217e-04  
4.022031e-04 6.890272e+04 6.890344e+04  9.999896e-01  -2.569721e+08 -2.310092e-04  -2.601472e-04  
4.064179e-04 6.783365e+04 6.783437e+04  9.999895e-01  -2.503614e+08 -2.337357e-04  -2.629010e-04  
4.106768e-04 6.678117e+04 6.678188e+04  9.999894e-01  -2.439208e+08 -2.364907e-04  -2.656836e-04  
4.149804e-04 6.574502e+04 6.574573e+04  9.999892e-01  -2.376459e+08 -2.392751e-04  -2.684950e-04  
4.193291e-04 6.472495e+04 6.472565e+04  9.999891e-01  -2.315324e+08 -2.420889e-04  -2.713358e-04  
4.237234e-04 6.372070e+04 6.372140e+04  9.999889e-01  -2.255762e+08 -2.449324e-04  -2.742063e-04  
4.281637e-04 6.273203e+04 6.273273e+04  9.999888e-01  -2.197732e+08 -2.478061e-04  -2.771066e-04  
4.326505e-04 6.175871e+04 6.175941e+04  9.999887e-01  -2.141195e+08 -2.507100e-04  -2.800372e-04  
4.371844e-04 6.080048e+04 6.080118e+04  9.999885e-01  -2.086112e+08 -2.536448e-04  -2.829983e-04  
4.417657e-04 5.985712e+04 5.985782e+04  9.999884e-01  -2.032447e+08 -2.566105e-04  -2.859903e-04  
4.463951e-04 5.892840e+04 5.892910e+04  9.999882e-01  -1.980161e+08 -2.596077e-04  -2.890135e-04  
4.510730e-04 5.801409e+04 5.801478e+04  9.999881e-01  -1.929221e+08 -2.626364e-04  -2.920682e-04  
4.557999e-04 5.711397e+04 5.711466e+04  9.999879e-01  -1.879592e+08 -2.656972e-04  -2.951548e-04  
4.605764e-04 5.622781e+04 5.622849e+04  9.999877e-01  -1.831239e+08 -2.687904e-04  -2.982735e-04  
4.654029e-04 5.535540e+04 5.535608e+04  9.999876e-01  -1.784130e+08 -2.719161e-04  -3.014248e-04  
4.702800e-04 5.449652e+04 5.449721e+04  9.999874e-01  -1.738233e+08 -2.750751e-04  -3.046089e-04  
4.752082e-04 5.365097e+04 5.365166e+04  9.999873e-01  -1.693516e+08 -2.782672e-04  -3.078263e-04  
4.801880e-04 5.281854e+04 5.281922e+04  9.999871e-01  -1.649950e+08 -2.814932e-04  -3.110771e-04  
4.852200e-04 5.199903e+04 5.199971e+04  9.999870e-01  -1.607505e+08 -2.847531e-04  -3.143619e-04  
4.903048e-04 5.119223e+04 5.119291e+04  9.999868e-01  -1.566151e+08 -2.880475e-04  -3.176810e-04  
4.954428e-04 5.039795e+04 5.039863e+04  9.999866e-01  -1.525862e+08 -2.913768e-04  -3.210347e-04  
5.006347e-04 4.961600e+04 4.961667e+04  9.999865e-01  -1.486609e+08 -2.947410e-04  -3.244234e-04  
5.058809e-04 4.884617e+04 4.884684e+04  9.999863e-01  -1.448365e+08 -2.981410e-04  -3.278474e-04  
5.111822e-04 4.808829e+04 4.808896e+04  9.999862e-01  -1.411106e+08 -3.015766e-04  -3.313073e-04  
5.165390e-04 4.734217e+04 4.734283e+04  9.999860e-01  -1.374805e+08 -3.050487e-04  -3.348031e-04  
5.219520e-04 4.660763e+04 4.660829e+04  9.999858e-01  -1.339438e+08 -3.085572e-04  -3.383355e-04  
5.274216e-04 4.588448e+04 4.588514e+04  9.999856e-01  -1.304980e+08 -3.121029e-04  -3.419047e-04  
5.329486e-04 4.517255e+04 4.517321e+04  9.999854e-01  -1.271410e+08 -3.156859e-04  -3.455111e-04  
5.385335e-04 4.447167e+04 4.447232e+04  9.999853e-01  -1.238702e+08 -3.193067e-04  -3.491553e-04  
5.441770e-04 4.378166e+04 4.378231e+04  9.999851e-01  -1.206836e+08 -3.229658e-04  -3.528374e-04  
5.498796e-04 4.310236e+04 4.310301e+04  9.999849e-01  -1.175790e+08 -3.266633e-04  -3.565580e-04  
5.556419e-04 4.243360e+04 4.243425e+04  9.999847e-01  -1.145543e+08 -3.304000e-04  -3.603174e-04  
5.614646e-04 4.177521e+04 4.177586e+04  9.999845e-01  -1.116073e+08 -3.341759e-04  -3.641161e-04  
5.673483e-04 4.112704e+04 4.112769e+04  9.999843e-01  -1.087362e+08 -3.379917e-04  -3.679544e-04  
5.732937e-04 4.048893e+04 4.048957e+04  9.999841e-01  -1.059390e+08 -3.418477e-04  -3.718327e-04  
5.793014e-04 3.986072e+04 3.986135e+04  9.999840e-01  -1.032137e+08 -3.457443e-04  -3.757517e-04  
5.853721e-04 3.924225e+04 3.924289e+04  9.999837e-01  -1.005585e+08 -3.496821e-04  -3.797114e-04  
5.915064e-04 3.863338e+04 3.863401e+04  9.999836e-01  -9.797157e+07 -3.536612e-04  -3.837126e-04  
5.977049e-04 3.803396e+04 3.803459e+04  9.999833e-01  -9.545122e+07 -3.576825e-04  -3.877555e-04  
6.039684e-04 3.744383e+04 3.744446e+04  9.999832e-01  -9.299572e+07 -3.617459e-04  -3.918407e-04  
6.102976e-04 3.686287e+04 3.686349e+04  9.999830e-01  -9.060338e+07 -3.658522e-04  -3.959684e-04  
6.166930e-04 3.629091e+04 3.629154e+04  9.999827e-01  -8.827259e+07 -3.700018e-04  -4.001393e-04  
6.231555e-04 3.572784e+04 3.572846e+04  9.999826e-01  -8.600176e+07 -3.741950e-04  -4.043538e-04  
6.296857e-04 3.517349e+04 3.517412e+04  9.999823e-01  -8.378934e+07 -3.784326e-04  -4.086123e-04  
6.362844e-04 3.462775e+04 3.462837e+04  9.999822e-01  -8.163384e+07 -3.827145e-04  -4.129153e-04  
6.429522e-04 3.409048e+04 3.409110e+04  9.999819e-01  -7.953379e+07 -3.870418e-04  -4.172631e-04  
6.496898e-04 3.356154e+04 3.356216e+04  9.999817e-01  -7.748777e+07 -3.914145e-04  -4.216565e-04  
6.564981e-04 3.304081e+04 3.304142e+04  9.999815e-01  -7.549438e+07 -3.958332e-04  -4.260956e-04  
6.633777e-04 3.252816e+04 3.252877e+04  9.999812e-01  -7.355227e+07 -4.002985e-04  -4.305812e-04  
6.703294e-04 3.202346e+04 3.202407e+04  9.999811e-01  -7.166012e+07 -4.048107e-04  -4.351137e-04  
6.773540e-04 3.152660e+04 3.152720e+04  9.999808e-01  -6.981664e+07 -4.093706e-04  -4.396934e-04  
6.844522e-04 3.103744e+04 3.103804e+04  9.999806e-01  -6.802059e+07 -4.139782e-04  -4.443211e-04  
6.916247e-04 3.055587e+04 3.055647e+04  9.999803e-01  -6.627075e+07 -4.186346e-04  -4.489969e-04  
6.988724e-04 3.008177e+04 3.008237e+04  9.999801e-01  -6.456592e+07 -4.233398e-04  -4.537218e-04  
7.061961e-04 2.961503e+04 2.961563e+04  9.999799e-01  -6.290494e+07 -4.280946e-04  -4.584959e-04  
7.135965e-04 2.915554e+04 2.915613e+04  9.999796e-01  -6.128670e+07 -4.328994e-04  -4.633200e-04  
7.210745e-04 2.870317e+04 2.870376e+04  9.999794e-01  -5.971008e+07 -4.377547e-04  -4.681945e-04  
7.286308e-04 2.825782e+04 2.825841e+04  9.999791e-01  -5.817403e+07 -4.426612e-04  -4.731198e-04  
7.362663e-04 2.781938e+04 2.781996e+04  9.999789e-01  -5.667749e+07 -4.476192e-04  -4.780967e-04  
7.439819e-04 2.738774e+04 2.738832e+04  9.999786e-01  -5.521944e+07 -4.526295e-04  -4.831255e-04  
7.517782e-04 2.696280e+04 2.696338e+04  9.999784e-01  -5.379891e+07 -4.576923e-04  -4.882069e-04  
7.596563e-04 2.654445e+04 2.654503e+04  9.999782e-01  -5.241492e+07 -4.628085e-04  -4.933414e-04  
7.676170e-04 2.613259e+04 2.613317e+04  9.999779e-01  -5.106653e+07 -4.679785e-04  -4.985295e-04  
7.756610e-04 2.572713e+04 2.572770e+04  9.999777e-01  -4.975283e+07 -4.732027e-04  -5.037720e-04  
7.837894e-04 2.532795e+04 2.532852e+04  9.999774e-01  -4.847293e+07 -4.784821e-04  -5.090690e-04  
7.920029e-04 2.493497e+04 2.493554e+04  9.999771e-01  -4.722595e+07 -4.838167e-04  -5.144216e-04  
8.003025e-04 2.454808e+04 2.454865e+04  9.999768e-01  -4.601105e+07 -4.892077e-04  -5.198300e-04  
8.086891e-04 2.416720e+04 2.416777e+04  9.999766e-01  -4.482741e+07 -4.946551e-04  -5.252950e-04  
8.171636e-04 2.379223e+04 2.379279e+04  9.999763e-01  -4.367421e+07 -5.001600e-04  -5.308170e-04  
8.257269e-04 2.342308e+04 2.342364e+04  9.999760e-01  -4.255068e+07 -5.057226e-04  -5.363968e-04  
8.343799e-04 2.305965e+04 2.306021e+04  9.999758e-01  -4.145605e+07 -5.113437e-04  -5.420350e-04  
8.431236e-04 2.270186e+04 2.270242e+04  9.999754e-01  -4.038959e+07 -5.170240e-04  -5.477320e-04  
8.519589e-04 2.234963e+04 2.235018e+04  9.999752e-01  -3.935055e+07 -5.227638e-04  -5.534887e-04  
8.608868e-04 2.200285e+04 2.200341e+04  9.999749e-01  -3.833825e+07 -5.285642e-04  -5.593053e-04  
8.699082e-04 2.166146e+04 2.166201e+04  9.999746e-01  -3.735199e+07 -5.344253e-04  -5.651829e-04  
8.790242e-04 2.132537e+04 2.132592e+04  9.999743e-01  -3.639110e+07 -5.403481e-04  -5.711218e-04  
8.882358e-04 2.099449e+04 2.099503e+04  9.999740e-01  -3.545493e+07 -5.463331e-04  -5.771229e-04  
8.975438e-04 2.066874e+04 2.066929e+04  9.999737e-01  -3.454284e+07 -5.523810e-04  -5.831867e-04  
9.069494e-04 2.034805e+04 2.034859e+04  9.999734e-01  -3.365422e+07 -5.584925e-04  -5.893138e-04  
9.164536e-04 2.003233e+04 2.003287e+04  9.999731e-01  -3.278845e+07 -5.646681e-04  -5.955052e-04  
9.260573e-04 1.972152e+04 1.972205e+04  9.999728e-01  -3.194496e+07 -5.709087e-04  -6.017610e-04  
9.357617e-04 1.941552e+04 1.941606e+04  9.999725e-01  -3.112317e+07 -5.772147e-04  -6.080824e-04  
9.455678e-04 1.911427e+04 1.911481e+04  9.999721e-01  -3.032252e+07 -5.835871e-04  -6.144698e-04  
9.554767e-04 1.881770e+04 1.881823e+04  9.999718e-01  -2.954246e+07 -5.900264e-04  -6.209239e-04  
9.654894e-04 1.852573e+04 1.852626e+04  9.999715e-01  -2.878248e+07 -5.965333e-04  -6.274456e-04  
9.756070e-04 1.823829e+04 1.823881e+04  9.999712e-01  -2.804204e+07 -6.031085e-04  -6.340354e-04  
9.858306e-04 1.795531e+04 1.795583e+04  9.999709e-01  -2.732065e+07 -6.097528e-04  -6.406942e-04  
9.961614e-04 1.767671e+04 1.767724e+04  9.999705e-01  -2.661782e+07 -6.164669e-04  -6.474225e-04  
1.006600e-03 1.740245e+04 1.740297e+04  9.999702e-01  -2.593307e+07 -6.232515e-04  -6.542212e-04  
1.017149e-03 1.713243e+04 1.713295e+04  9.999698e-01  -2.526593e+07 -6.301073e-04  -6.610909e-04  
1.027808e-03 1.686661e+04 1.686712e+04  9.999695e-01  -2.461596e+07 -6.370351e-04  -6.680325e-04  
1.038579e-03 1.660491e+04 1.660542e+04  9.999691e-01  -2.398271e+07 -6.440357e-04  -6.750466e-04  
1.049462e-03 1.634727e+04 1.634778e+04  9.999688e-01  -2.336574e+07 -6.511098e-04  -6.821340e-04  
1.060460e-03 1.609363e+04 1.609414e+04  9.999685e-01  -2.276465e+07 -6.582580e-04  -6.892957e-04  
1.071573e-03 1.584392e+04 1.584443e+04  9.999680e-01  -2.217903e+07 -6.654815e-04  -6.965320e-04  
1.082802e-03 1.559809e+04 1.559860e+04  9.999677e-01  -2.160847e+07 -6.727806e-04  -7.038442e-04  
1.094149e-03 1.535607e+04 1.535658e+04  9.999673e-01  -2.105258e+07 -6.801565e-04  -7.112327e-04  
1.105615e-03 1.511781e+04 1.511831e+04  9.999670e-01  -2.051100e+07 -6.876098e-04  -7.186985e-04  
1.117201e-03 1.488325e+04 1.488374e+04  9.999666e-01  -1.998335e+07 -6.951413e-04  -7.262423e-04  
1.128908e-03 1.465232e+04 1.465281e+04  9.999662e-01  -1.946927e+07 -7.027518e-04  -7.338650e-04  
1.140738e-03 1.442498e+04 1.442547e+04  9.999659e-01  -1.896842e+07 -7.104422e-04  -7.415675e-04  
1.152692e-03 1.420116e+04 1.420165e+04  9.999654e-01  -1.848045e+07 -7.182134e-04  -7.493503e-04  
1.164772e-03 1.398082e+04 1.398131e+04  9.999651e-01  -1.800503e+07 -7.260661e-04  -7.572147e-04  
1.176978e-03 1.376389e+04 1.376438e+04  9.999646e-01  -1.754185e+07 -7.340012e-04  -7.651612e-04  
1.189312e-03 1.355033e+04 1.355082e+04  9.999643e-01  -1.709058e+07 -7.420196e-04  -7.731908e-04  
1.201775e-03 1.334009e+04 1.334057e+04  9.999639e-01  -1.665092e+07 -7.501221e-04  -7.813044e-04  
1.214368e-03 1.313310e+04 1.313359e+04  9.999634e-01  -1.622257e+07 -7.583097e-04  -7.895027e-04  
1.227094e-03 1.292933e+04 1.292981e+04  9.999631e-01  -1.580524e+07 -7.665831e-04  -7.977869e-04  
1.239953e-03 1.272872e+04 1.272920e+04  9.999626e-01  -1.539864e+07 -7.749434e-04  -8.061576e-04  
1.252947e-03 1.253123e+04 1.253170e+04  9.999622e-01  -1.500251e+07 -7.833914e-04  -8.146159e-04  
1.266077e-03 1.233679e+04 1.233726e+04  9.999617e-01  -1.461657e+07 -7.919280e-04  -8.231625e-04  
1.279344e-03 1.214538e+04 1.214585e+04  9.999613e-01  -1.424055e+07 -8.005542e-04  -8.317986e-04  
1.292751e-03 1.195693e+04 1.195740e+04  9.999609e-01  -1.387421e+07 -8.092709e-04  -8.405249e-04  
1.306298e-03 1.177141e+04 1.177187e+04  9.999604e-01  -1.351729e+07 -8.180791e-04  -8.493424e-04  
1.319987e-03 1.158876e+04 1.158923e+04  9.999600e-01  -1.316955e+07 -8.269796e-04  -8.582523e-04  
1.333820e-03 1.140895e+04 1.140941e+04  9.999595e-01  -1.283076e+07 -8.359735e-04  -8.672551e-04  
1.347797e-03 1.123193e+04 1.123239e+04  9.999591e-01  -1.250069e+07 -8.450617e-04  -8.763523e-04  
1.361921e-03 1.105766e+04 1.105811e+04  9.999586e-01  -1.217910e+07 -8.542453e-04  -8.855443e-04  
1.376193e-03 1.088609e+04 1.088654e+04  9.999582e-01  -1.186579e+07 -8.635252e-04  -8.948326e-04  
1.390614e-03 1.071718e+04 1.071763e+04  9.999577e-01  -1.156054e+07 -8.729024e-04  -9.042180e-04  
1.405187e-03 1.055089e+04 1.055134e+04  9.999572e-01  -1.126314e+07 -8.823780e-04  -9.137015e-04  
1.419912e-03 1.038719e+04 1.038763e+04  9.999568e-01  -1.097339e+07 -8.919529e-04  -9.232842e-04  
1.434792e-03 1.022602e+04 1.022647e+04  9.999563e-01  -1.069110e+07 -9.016284e-04  -9.329670e-04  
1.449828e-03 1.006735e+04 1.006780e+04  9.999558e-01  -1.041607e+07 -9.114052e-04  -9.427512e-04  
1.465021e-03 9.911147e+03 9.911590e+03  9.999553e-01  -1.014811e+07 -9.212846e-04  -9.526374e-04  
1.480373e-03 9.757366e+03 9.757807e+03  9.999548e-01  -9.887048e+06 -9.312675e-04  -9.626272e-04  
1.495886e-03 9.605971e+03 9.606410e+03  9.999543e-01  -9.632700e+06 -9.413552e-04  -9.727214e-04  
1.511562e-03 9.456925e+03 9.457362e+03  9.999538e-01  -9.384896e+06 -9.515486e-04  -9.829211e-04  
1.527402e-03 9.310191e+03 9.310626e+03  9.999533e-01  -9.143466e+06 -9.618489e-04  -9.932275e-04  
1.543408e-03 9.165734e+03 9.166167e+03  9.999527e-01  -8.908248e+06 -9.722573e-04  -1.003642e-03  
1.559582e-03 9.023519e+03 9.023950e+03  9.999523e-01  -8.679080e+06 -9.827747e-04  -1.014165e-03  
1.575925e-03 8.883510e+03 8.883939e+03  9.999517e-01  -8.455808e+06 -9.934025e-04  -1.024797e-03  
1.592440e-03 8.745673e+03 8.746100e+03  9.999512e-01  -8.238279e+06 -1.004142e-03  -1.035542e-03  
1.609127e-03 8.609975e+03 8.610400e+03  9.999506e-01  -8.026347e+06 -1.014993e-03  -1.046398e-03  
1.625990e-03 8.476383e+03 8.476806e+03  9.999501e-01  -7.819866e+06 -1.025959e-03  -1.057368e-03  
1.643029e-03 8.344863e+03 8.345284e+03  9.999495e-01  -7.618697e+06 -1.037039e-03  -1.068453e-03  
1.660247e-03 8.215384e+03 8.215803e+03  9.999489e-01  -7.422704e+06 -1.048236e-03  -1.079653e-03  
1.677645e-03 8.087914e+03 8.088331e+03  9.999484e-01  -7.231752e+06 -1.059550e-03  -1.090971e-03  
1.695225e-03 7.962421e+03 7.962837e+03  9.999478e-01  -7.045713e+06 -1.070983e-03  -1.102407e-03  
1.712990e-03 7.838876e+03 7.839289e+03  9.999472e-01  -6.864459e+06 -1.082535e-03  -1.113963e-03  
1.730941e-03 7.717247e+03 7.717659e+03  9.999467e-01  -6.687869e+06 -1.094208e-03  -1.125639e-03  
1.749080e-03 7.597506e+03 7.597916e+03  9.999461e-01  -6.515821e+06 -1.106004e-03  -1.137437e-03  
1.767409e-03 7.479623e+03 7.480031e+03  9.999455e-01  -6.348199e+06 -1.117924e-03  -1.149359e-03  
1.785930e-03 7.363568e+03 7.363974e+03  9.999448e-01  -6.184889e+06 -1.129968e-03  -1.161405e-03  
1.804645e-03 7.249315e+03 7.249719e+03  9.999443e-01  -6.025781e+06 -1.142139e-03  -1.173578e-03  
1.823557e-03 7.136833e+03 7.137236e+03  9.999436e-01  -5.870765e+06 -1.154437e-03  -1.185877e-03  
1.842666e-03 7.026098e+03 7.026498e+03  9.999430e-01  -5.719738e+06 -1.166864e-03  -1.198305e-03  
1.861976e-03 6.917080e+03 6.917479e+03  9.999424e-01  -5.572595e+06 -1.179422e-03  -1.210863e-03  
1.881488e-03 6.809754e+03 6.810151e+03  9.999417e-01  -5.429238e+06 -1.192111e-03  -1.223552e-03  
1.901205e-03 6.704093e+03 6.704488e+03  9.999411e-01  -5.289569e+06 -1.204933e-03  -1.236374e-03  
1.921128e-03 6.600071e+03 6.600464e+03  9.999404e-01  -5.153493e+06 -1.217889e-03  -1.249330e-03  
1.941260e-03 6.497664e+03 6.498055e+03  9.999398e-01  -5.020918e+06 -1.230981e-03  -1.262422e-03  
1.961603e-03 6.396845e+03 6.397235e+03  9.999391e-01  -4.891753e+06 -1.244210e-03  -1.275650e-03  
1.982159e-03 6.297591e+03 6.297978e+03  9.999385e-01  -4.765910e+06 -1.257578e-03  -1.289016e-03  
2.002931e-03 6.199877e+03 6.200262e+03  9.999378e-01  -4.643305e+06 -1.271086e-03  -1.302522e-03  
2.023920e-03 6.103678e+03 6.104062e+03  9.999371e-01  -4.523855e+06 -1.284735e-03  -1.316170e-03  
2.045129e-03 6.008973e+03 6.009355e+03  9.999364e-01  -4.407477e+06 -1.298528e-03  -1.329960e-03  
2.066561e-03 5.915736e+03 5.916117e+03  9.999357e-01  -4.294093e+06 -1.312465e-03  -1.343894e-03  
2.088217e-03 5.823947e+03 5.824325e+03  9.999351e-01  -4.183625e+06 -1.326548e-03  -1.357974e-03  
2.110100e-03 5.733581e+03 5.733958e+03  9.999343e-01  -4.076000e+06 -1.340779e-03  -1.372200e-03  
2.132212e-03 5.644618e+03 5.644993e+03  9.999336e-01  -3.971143e+06 -1.355158e-03  -1.386576e-03  
2.154556e-03 5.557035e+03 5.557408e+03  9.999329e-01  -3.868984e+06 -1.369688e-03  -1.401102e-03  
2.177134e-03 5.470811e+03 5.471182e+03  9.999321e-01  -3.769453e+06 -1.384371e-03  -1.415779e-03  
2.199949e-03 5.385925e+03 5.386294e+03  9.999314e-01  -3.672482e+06 -1.399207e-03  -1.430611e-03  
2.223003e-03 5.302355e+03 5.302723e+03  9.999306e-01  -3.578006e+06 -1.414199e-03  -1.445596e-03  
2.246298e-03 5.220083e+03 5.220449e+03  9.999299e-01  -3.485960e+06 -1.429348e-03  -1.460739e-03  
2.269838e-03 5.139087e+03 5.139451e+03  9.999291e-01  -3.396283e+06 -1.444655e-03  -1.476040e-03  
2.293624e-03 5.059348e+03 5.059710e+03  9.999284e-01  -3.308912e+06 -1.460123e-03  -1.491501e-03  
2.317659e-03 4.980845e+03 4.981206e+03  9.999275e-01  -3.223789e+06 -1.475753e-03  -1.507123e-03  
2.341947e-03 4.903561e+03 4.903921e+03  9.999268e-01  -3.140855e+06 -1.491546e-03  -1.522908e-03  
2.366489e-03 4.827476e+03 4.827834e+03  9.999260e-01  -3.060056e+06 -1.507505e-03  -1.538859e-03  
2.391288e-03 4.752572e+03 4.752928e+03  9.999251e-01  -2.981334e+06 -1.523631e-03  -1.554976e-03  
2.416347e-03 4.678830e+03 4.679184e+03  9.999244e-01  -2.904638e+06 -1.539926e-03  -1.571262e-03  
2.441668e-03 4.606231e+03 4.606584e+03  9.999235e-01  -2.829915e+06 -1.556392e-03  -1.587717e-03  
2.467255e-03 4.534760e+03 4.535111e+03  9.999227e-01  -2.757114e+06 -1.573030e-03  -1.604345e-03  
2.493110e-03 4.464397e+03 4.464746e+03  9.999218e-01  -2.686186e+06 -1.589842e-03  -1.621146e-03  
2.519236e-03 4.395126e+03 4.395473e+03  9.999210e-01  -2.617083e+06 -1.606830e-03  -1.638123e-03  
2.545636e-03 4.326930e+03 4.327276e+03  9.999201e-01  -2.549757e+06 -1.623997e-03  -1.655278e-03  
2.572312e-03 4.259792e+03 4.260136e+03  9.999192e-01  -2.484164e+06 -1.641343e-03  -1.672611e-03  
2.599268e-03 4.193695e+03 4.194038e+03  9.999184e-01  -2.420258e+06 -1.658870e-03  -1.690126e-03  
2.626507e-03 4.128624e+03 4.128965e+03  9.999175e-01  -2.357995e+06 -1.676582e-03  -1.707823e-03  
2.654030e-03 4.064563e+03 4.064902e+03  9.999166e-01  -2.297335e+06 -1.694478e-03  -1.725706e-03  
2.681843e-03 4.001496e+03 4.001833e+03  9.999157e-01  -2.238235e+06 -1.712562e-03  -1.743775e-03  
2.709946e-03 3.939407e+03 3.939743e+03  9.999148e-01  -2.180655e+06 -1.730836e-03  -1.762033e-03  
2.738345e-03 3.878282e+03 3.878616e+03  9.999138e-01  -2.124557e+06 -1.749300e-03  -1.780482e-03  
2.767041e-03 3.818105e+03 3.818437e+03  9.999129e-01  -2.069902e+06 -1.767958e-03  -1.799123e-03  
2.796037e-03 3.758862e+03 3.759193e+03  9.999120e-01  -2.016652e+06 -1.786812e-03  -1.817959e-03  
2.825338e-03 3.700537e+03 3.700867e+03  9.999110e-01  -1.964773e+06 -1.805863e-03  -1.836992e-03  
2.854945e-03 3.643118e+03 3.643446e+03  9.999101e-01  -1.914228e+06 -1.825113e-03  -1.856224e-03  
2.884863e-03 3.586590e+03 3.586916e+03  9.999090e-01  -1.864984e+06 -1.844565e-03  -1.875656e-03  
2.915094e-03 3.530939e+03 3.531264e+03  9.999081e-01  -1.817006e+06 -1.864220e-03  -1.895292e-03  
2.945642e-03 3.476151e+03 3.476474e+03  9.999071e-01  -1.770263e+06 -1.884081e-03  -1.915133e-03  
2.976510e-03 3.422214e+03 3.422535e+03  9.999061e-01  -1.724722e+06 -1.904150e-03  -1.935180e-03  
3.007702e-03 3.369113e+03 3.369433e+03  9.999051e-01  -1.680353e+06 -1.924430e-03  -1.955438e-03  
3.039220e-03 3.316836e+03 3.317155e+03  9.999040e-01  -1.637125e+06 -1.944921e-03  -1.975906e-03  
3.071069e-03 3.265371e+03 3.265687e+03  9.999030e-01  -1.595009e+06 -1.965627e-03  -1.996589e-03  
3.103252e-03 3.214703e+03 3.215019e+03  9.999019e-01  -1.553977e+06 -1.986549e-03  -2.017487e-03  
3.135771e-03 3.164822e+03 3.165136e+03  9.999009e-01  -1.514000e+06 -2.007691e-03  -2.038604e-03  
3.168632e-03 3.115715e+03 3.116027e+03  9.998998e-01  -1.475051e+06 -2.029054e-03  -2.059941e-03  
3.201837e-03 3.067370e+03 3.067681e+03  9.998987e-01  -1.437105e+06 -2.050641e-03  -2.081501e-03  
3.235390e-03 3.019775e+03 3.020084e+03  9.998976e-01  -1.400135e+06 -2.072453e-03  -2.103286e-03  
3.269294e-03 2.972918e+03 2.973226e+03  9.998965e-01  -1.364115e+06 -2.094494e-03  -2.125298e-03  
3.303554e-03 2.926789e+03 2.927095e+03  9.998954e-01  -1.329023e+06 -2.116765e-03  -2.147541e-03  
3.338173e-03 2.881375e+03 2.881680e+03  9.998942e-01  -1.294833e+06 -2.139270e-03  -2.170015e-03  
3.373155e-03 2.836666e+03 2.836969e+03  9.998931e-01  -1.261523e+06 -2.162010e-03  -2.192724e-03  
3.408503e-03 2.792650e+03 2.792952e+03  9.998920e-01  -1.229069e+06 -2.184988e-03  -2.215670e-03  
3.444221e-03 2.749318e+03 2.749618e+03  9.998908e-01  -1.197451e+06 -2.208206e-03  -2.238856e-03  
3.480314e-03 2.706658e+03 2.706957e+03  9.998896e-01  -1.166646e+06 -2.231668e-03  -2.262284e-03  
3.516785e-03 2.664659e+03 2.664957e+03  9.998884e-01  -1.136633e+06 -2.255374e-03  -2.285956e-03  
3.553639e-03 2.623313e+03 2.623609e+03  9.998873e-01  -1.107393e+06 -2.279329e-03  -2.309876e-03  
3.590878e-03 2.582608e+03 2.582902e+03  9.998860e-01  -1.078904e+06 -2.303535e-03  -2.334044e-03  
3.628508e-03 2.542534e+03 2.542827e+03  9.998848e-01  -1.051149e+06 -2.327994e-03  -2.358466e-03  
3.666532e-03 2.503082e+03 2.503374e+03  9.998835e-01  -1.024108e+06 -2.352709e-03  -2.383142e-03  
3.704955e-03 2.464243e+03 2.464533e+03  9.998823e-01  -9.977618e+05 -2.377682e-03  -2.408075e-03  
3.743780e-03 2.426006e+03 2.426295e+03  9.998810e-01  -9.720938e+05 -2.402917e-03  -2.433269e-03  
3.783012e-03 2.388362e+03 2.388649e+03  9.998797e-01  -9.470861e+05 -2.428415e-03  -2.458726e-03  
3.822655e-03 2.351303e+03 2.351588e+03  9.998785e-01  -9.227218e+05 -2.454181e-03  -2.484449e-03  
3.862714e-03 2.314818e+03 2.315102e+03  9.998771e-01  -8.989842e+05 -2.480216e-03  -2.510439e-03  
3.903192e-03 2.278899e+03 2.279182e+03  9.998758e-01  -8.758573e+05 -2.506523e-03  -2.536702e-03  
3.944095e-03 2.243538e+03 2.243820e+03  9.998745e-01  -8.533254e+05 -2.533105e-03  -2.563237e-03  
3.985426e-03 2.208726e+03 2.209006e+03  9.998731e-01  -8.313731e+05 -2.559966e-03  -2.590050e-03  
4.027190e-03 2.174453e+03 2.174732e+03  9.998718e-01  -8.099855e+05 -2.587108e-03  -2.617143e-03  
4.069392e-03 2.140713e+03 2.140990e+03  9.998704e-01  -7.891481e+05 -2.614533e-03  -2.644518e-03  
4.112036e-03 2.107496e+03 2.107772e+03  9.998690e-01  -7.688468e+05 -2.642246e-03  -2.672180e-03  
4.155128e-03 2.074794e+03 2.075069e+03  9.998676e-01  -7.490677e+05 -2.670248e-03  -2.700128e-03  
4.198670e-03 2.042599e+03 2.042873e+03  9.998662e-01  -7.297975e+05 -2.698543e-03  -2.728370e-03  
4.242669e-03 2.010905e+03 2.011177e+03  9.998647e-01  -7.110230e+05 -2.727134e-03  -2.756905e-03  
4.287129e-03 1.979702e+03 1.979972e+03  9.998633e-01  -6.927315e+05 -2.756024e-03  -2.785738e-03  
4.332055e-03 1.948983e+03 1.949252e+03  9.998618e-01  -6.749105e+05 -2.785216e-03  -2.814872e-03  
4.377452e-03 1.918740e+03 1.919009e+03  9.998603e-01  -6.575480e+05 -2.814713e-03  -2.844309e-03  
4.423324e-03 1.888968e+03 1.889234e+03  9.998588e-01  -6.406322e+05 -2.844520e-03  -2.874055e-03  
4.469678e-03 1.859656e+03 1.859922e+03  9.998573e-01  -6.241515e+05 -2.874637e-03  -2.904109e-03  
4.516517e-03 1.830800e+03 1.831064e+03  9.998558e-01  -6.080948e+05 -2.905070e-03  -2.934478e-03  
4.563846e-03 1.802392e+03 1.802654e+03  9.998542e-01  -5.924511e+05 -2.935820e-03  -2.965162e-03  
4.611672e-03 1.774424e+03 1.774685e+03  9.998527e-01  -5.772099e+05 -2.966893e-03  -2.996167e-03  
4.659999e-03 1.746890e+03 1.747150e+03  9.998511e-01  -5.623608e+05 -2.998290e-03  -3.027495e-03  
4.708832e-03 1.719783e+03 1.720042e+03  9.998495e-01  -5.478937e+05 -3.030016e-03  -3.059150e-03  
4.758178e-03 1.693098e+03 1.693355e+03  9.998479e-01  -5.337987e+05 -3.062073e-03  -3.091135e-03  
4.808040e-03 1.666826e+03 1.667082e+03  9.998462e-01  -5.200664e+05 -3.094465e-03  -3.123453e-03  
4.858424e-03 1.640961e+03 1.641216e+03  9.998446e-01  -5.066873e+05 -3.127197e-03  -3.156109e-03  
4.909337e-03 1.615498e+03 1.615752e+03  9.998429e-01  -4.936524e+05 -3.160270e-03  -3.189103e-03  
4.960783e-03 1.590430e+03 1.590683e+03  9.998412e-01  -4.809529e+05 -3.193689e-03  -3.222443e-03  
5.012769e-03 1.565751e+03 1.566003e+03  9.998395e-01  -4.685800e+05 -3.227457e-03  -3.256130e-03  
5.065299e-03 1.541455e+03 1.541705e+03  9.998378e-01  -4.565255e+05 -3.261579e-03  -3.290167e-03  
5.118380e-03 1.517536e+03 1.517785e+03  9.998361e-01  -4.447810e+05 -3.296057e-03  -3.324561e-03  
5.172016e-03 1.493988e+03 1.494236e+03  9.998343e-01  -4.333387e+05 -3.330895e-03  -3.359311e-03  
5.226215e-03 1.470806e+03 1.471052e+03  9.998326e-01  -4.221907e+05 -3.366098e-03  -3.394425e-03  
5.280982e-03 1.447983e+03 1.448228e+03  9.998307e-01  -4.113296e+05 -3.401668e-03  -3.429903e-03  
5.336323e-03 1.425514e+03 1.425758e+03  9.998290e-01  -4.007478e+05 -3.437611e-03  -3.465752e-03  
5.392244e-03 1.403394e+03 1.403637e+03  9.998271e-01  -3.904383e+05 -3.473929e-03  -3.501974e-03  
5.448751e-03 1.381617e+03 1.381859e+03  9.998253e-01  -3.803939e+05 -3.510626e-03  -3.538573e-03  
5.505849e-03 1.360178e+03 1.360419e+03  9.998234e-01  -3.706080e+05 -3.547708e-03  -3.575555e-03  
5.563547e-03 1.339072e+03 1.339311e+03  9.998215e-01  -3.610738e+05 -3.585176e-03  -3.612920e-03  
5.621849e-03 1.318293e+03 1.318531e+03  9.998196e-01  -3.517849e+05 -3.623037e-03  -3.650676e-03  
5.680761e-03 1.297837e+03 1.298073e+03  9.998177e-01  -3.427350e+05 -3.661292e-03  -3.688823e-03  
5.740292e-03 1.277698e+03 1.277933e+03  9.998157e-01  -3.339179e+05 -3.699948e-03  -3.727369e-03  
5.800446e-03 1.257871e+03 1.258105e+03  9.998138e-01  -3.253275e+05 -3.739007e-03  -3.766316e-03  
5.861230e-03 1.238352e+03 1.238585e+03  9.998118e-01  -3.169582e+05 -3.778475e-03  -3.805668e-03  
5.922651e-03 1.219136e+03 1.219368e+03  9.998098e-01  -3.088042e+05 -3.818355e-03  -3.845431e-03  
5.984716e-03 1.200218e+03 1.200449e+03  9.998077e-01  -3.008600e+05 -3.858651e-03  -3.885607e-03  
6.047432e-03 1.181594e+03 1.181823e+03  9.998057e-01  -2.931201e+05 -3.899370e-03  -3.926203e-03  
6.110804e-03 1.163258e+03 1.163487e+03  9.998036e-01  -2.855793e+05 -3.940512e-03  -3.967219e-03  
6.174841e-03 1.145207e+03 1.145435e+03  9.998015e-01  -2.782326e+05 -3.982085e-03  -4.008664e-03  
6.239549e-03 1.127437e+03 1.127663e+03  9.997994e-01  -2.710748e+05 -4.024092e-03  -4.050538e-03  
6.304935e-03 1.109942e+03 1.110167e+03  9.997972e-01  -2.641012e+05 -4.066538e-03  -4.092850e-03  
6.371006e-03 1.092718e+03 1.092942e+03  9.997951e-01  -2.573069e+05 -4.109428e-03  -4.135602e-03  
6.437769e-03 1.075761e+03 1.075984e+03  9.997929e-01  -2.506875e+05 -4.152765e-03  -4.178798e-03  
6.505233e-03 1.059068e+03 1.059290e+03  9.997907e-01  -2.442383e+05 -4.196556e-03  -4.222446e-03  
6.573403e-03 1.042634e+03 1.042855e+03  9.997884e-01  -2.379551e+05 -4.240802e-03  -4.266545e-03  
6.642287e-03 1.026455e+03 1.026674e+03  9.997862e-01  -2.318335e+05 -4.285512e-03  -4.311105e-03  
6.711893e-03 1.010526e+03 1.010745e+03  9.997839e-01  -2.258693e+05 -4.330688e-03  -4.356127e-03  
6.782229e-03 9.948453e+02 9.950627e+02  9.997816e-01  -2.200587e+05 -4.376336e-03  -4.401618e-03  
6.853302e-03 9.794076e+02 9.796238e+02  9.997793e-01  -2.143974e+05 -4.422461e-03  -4.447583e-03  
6.925119e-03 9.642093e+02 9.644245e+02  9.997769e-01  -2.088819e+05 -4.469068e-03  -4.494025e-03  
6.997690e-03 9.492469e+02 9.494610e+02  9.997746e-01  -2.035082e+05 -4.516162e-03  -4.540951e-03  
7.071020e-03 9.345166e+02 9.347296e+02  9.997721e-01  -1.982727e+05 -4.563746e-03  -4.588363e-03  
7.145119e-03 9.200150e+02 9.202269e+02  9.997697e-01  -1.931720e+05 -4.611828e-03  -4.636272e-03  
7.219995e-03 9.057382e+02 9.059491e+02  9.997672e-01  -1.882025e+05 -4.660411e-03  -4.684675e-03  
7.295655e-03 8.916831e+02 8.918929e+02  9.997648e-01  -1.833608e+05 -4.709503e-03  -4.733583e-03  
7.372108e-03 8.778460e+02 8.780548e+02  9.997622e-01  -1.786436e+05 -4.759106e-03  -4.782999e-03  
7.449362e-03 8.642236e+02 8.644313e+02  9.997597e-01  -1.740478e+05 -4.809227e-03  -4.832929e-03  
7.527426e-03 8.508126e+02 8.510193e+02  9.997572e-01  -1.695703e+05 -4.859872e-03  -4.883380e-03  
7.606308e-03 8.376097e+02 8.378153e+02  9.997545e-01  -1.652079e+05 -4.911045e-03  -4.934351e-03  
7.686017e-03 8.246116e+02 8.248162e+02  9.997520e-01  -1.609578e+05 -4.962753e-03  -4.985857e-03  
7.766561e-03 8.118152e+02 8.120188e+02  9.997493e-01  -1.568170e+05 -5.014999e-03  -5.037893e-03  
7.847948e-03 7.992174e+02 7.994200e+02  9.997467e-01  -1.527827e+05 -5.067792e-03  -5.090474e-03  
7.930189e-03 7.868151e+02 7.870166e+02  9.997439e-01  -1.488522e+05 -5.121135e-03  -5.143598e-03  
8.013292e-03 7.746051e+02 7.748057e+02  9.997412e-01  -1.450228e+05 -5.175035e-03  -5.197276e-03  
8.097265e-03 7.625847e+02 7.627842e+02  9.997385e-01  -1.412920e+05 -5.229498e-03  -5.251512e-03  
8.182118e-03 7.507507e+02 7.509492e+02  9.997356e-01  -1.376571e+05 -5.284528e-03  -5.306309e-03  
8.267861e-03 7.391004e+02 7.392979e+02  9.997329e-01  -1.341157e+05 -5.340134e-03  -5.361679e-03  
8.354502e-03 7.276308e+02 7.278274e+02  9.997300e-01  -1.306654e+05 -5.396318e-03  -5.417619e-03  
8.442051e-03 7.163393e+02 7.165348e+02  9.997272e-01  -1.273039e+05 -5.453090e-03  -5.474144e-03  
8.530518e-03 7.052229e+02 7.054174e+02  9.997242e-01  -1.240289e+05 -5.510453e-03  -5.531253e-03  
8.619911e-03 6.942790e+02 6.944725e+02  9.997213e-01  -1.208381e+05 -5.568415e-03  -5.588957e-03  
8.710242e-03 6.835049e+02 6.836975e+02  9.997183e-01  -1.177294e+05 -5.626982e-03  -5.647260e-03  
8.801518e-03 6.728980e+02 6.730896e+02  9.997153e-01  -1.147007e+05 -5.686160e-03  -5.706166e-03  
8.893752e-03 6.624557e+02 6.626463e+02  9.997123e-01  -1.117499e+05 -5.745956e-03  -5.765689e-03  
8.986952e-03 6.521753e+02 6.523650e+02  9.997092e-01  -1.088750e+05 -5.806373e-03  -5.825822e-03  
9.081129e-03 6.420546e+02 6.422433e+02  9.997062e-01  -1.060740e+05 -5.867423e-03  -5.886586e-03  
9.176292e-03 6.320908e+02 6.322786e+02  9.997030e-01  -1.033451e+05 -5.929108e-03  -5.947975e-03  
9.272453e-03 6.222817e+02 6.224685e+02  9.996999e-01  -1.006865e+05 -5.991437e-03  -6.010004e-03  
9.369621e-03 6.126247e+02 6.128106e+02  9.996967e-01  -9.809619e+04 -6.054416e-03  -6.072676e-03  
9.467808e-03 6.031176e+02 6.033026e+02  9.996934e-01  -9.557254e+04 -6.118051e-03  -6.135996e-03  
9.567024e-03 5.937581e+02 5.939421e+02  9.996902e-01  -9.311382e+04 -6.182351e-03  -6.199978e-03  
9.667279e-03 5.845437e+02 5.847268e+02  9.996869e-01  -9.071835e+04 -6.247319e-03  -6.264617e-03  
9.768585e-03 5.754724e+02 5.756545e+02  9.996836e-01  -8.838451e+04 -6.312968e-03  -6.329933e-03  
9.870953e-03 5.665417e+02 5.667230e+02  9.996802e-01  -8.611071e+04 -6.379297e-03  -6.395919e-03  
9.974393e-03 5.577497e+02 5.579300e+02  9.996768e-01  -8.389540e+04 -6.446321e-03  -6.462595e-03  
1.007892e-02 5.490940e+02 5.492735e+02  9.996733e-01  -8.173708e+04 -6.514042e-03  -6.529959e-03  
1.018454e-02 5.405727e+02 5.407512e+02  9.996699e-01  -7.963429e+04 -6.582469e-03  -6.598021e-03  
1.029126e-02 5.321836e+02 5.323613e+02  9.996664e-01  -7.758559e+04 -6.651610e-03  -6.666792e-03  
1.039911e-02 5.239247e+02 5.241014e+02  9.996628e-01  -7.558960e+04 -6.721470e-03  -6.736270e-03  
1.050808e-02 5.157940e+02 5.159698e+02  9.996593e-01  -7.364495e+04 -6.792062e-03  -6.806477e-03  
1.061820e-02 5.077893e+02 5.079643e+02  9.996556e-01  -7.175034e+04 -6.863384e-03  -6.877400e-03  
1.072947e-02 4.999089e+02 5.000830e+02  9.996520e-01  -6.990446e+04 -6.935453e-03  -6.949066e-03  
1.084191e-02 4.921508e+02 4.923240e+02  9.996482e-01  -6.810607e+04 -7.008271e-03  -7.021469e-03  
1.095552e-02 4.845130e+02 4.846853e+02  9.996445e-01  -6.635395e+04 -7.081849e-03  -7.094624e-03  
1.107033e-02 4.769938e+02 4.771652e+02  9.996407e-01  -6.464690e+04 -7.156194e-03  -7.168539e-03  
1.118634e-02 4.695912e+02 4.697618e+02  9.996369e-01  -6.298376e+04 -7.231311e-03  -7.243214e-03  
1.130356e-02 4.623036e+02 4.624733e+02  9.996331e-01  -6.136342e+04 -7.307215e-03  -7.318670e-03  
1.142202e-02 4.551289e+02 4.552978e+02  9.996291e-01  -5.978475e+04 -7.383904e-03  -7.394897e-03  
1.154171e-02 4.480657e+02 4.482336e+02  9.996252e-01  -5.824670e+04 -7.461397e-03  -7.471922e-03  
1.166266e-02 4.411120e+02 4.412791e+02  9.996212e-01  -5.674822e+04 -7.539693e-03  -7.549737e-03  
1.178487e-02 4.342662e+02 4.344325e+02  9.996172e-01  -5.528829e+04 -7.618807e-03  -7.628361e-03  
1.190837e-02 4.275266e+02 4.276921e+02  9.996131e-01  -5.386591e+04 -7.698744e-03  -7.707798e-03  
1.203316e-02 4.208916e+02 4.210562e+02  9.996090e-01  -5.248013e+04 -7.779513e-03  -7.788054e-03  
1.215926e-02 4.143596e+02 4.145234e+02  9.996049e-01  -5.113000e+04 -7.861125e-03  -7.869147e-03  
1.228668e-02 4.079289e+02 4.080919e+02  9.996006e-01  -4.981460e+04 -7.943583e-03  -7.951069e-03  
1.241544e-02 4.015980e+02 4.017602e+02  9.995964e-01  -4.853304e+04 -8.026904e-03  -8.033849e-03  
1.254554e-02 3.953654e+02 3.955267e+02  9.995921e-01  -4.728445e+04 -8.111087e-03  -8.117473e-03  
1.267701e-02 3.892294e+02 3.893899e+02  9.995878e-01  -4.606798e+04 -8.196151e-03  -8.201970e-03  
1.280986e-02 3.831887e+02 3.833484e+02  9.995834e-01  -4.488281e+04 -8.282098e-03  -8.287336e-03  
1.294409e-02 3.772417e+02 3.774006e+02  9.995790e-01  -4.372812e+04 -8.368939e-03  -8.373585e-03  
1.307974e-02 3.713870e+02 3.715451e+02  9.995745e-01  -4.260314e+04 -8.456687e-03  -8.460729e-03  
1.321680e-02 3.656231e+02 3.657804e+02  9.995700e-01  -4.150711e+04 -8.545344e-03  -8.548766e-03  
1.335531e-02 3.599487e+02 3.601052e+02  9.995655e-01  -4.043927e+04 -8.634929e-03  -8.637724e-03  
1.349526e-02 3.543623e+02 3.545180e+02  9.995608e-01  -3.939890e+04 -8.725439e-03  -8.727585e-03  
1.363668e-02 3.488626e+02 3.490175e+02  9.995562e-01  -3.838529e+04 -8.816896e-03  -8.818387e-03  
1.377958e-02 3.434482e+02 3.436023e+02  9.995514e-01  -3.739776e+04 -8.909301e-03  -8.910117e-03  
1.392398e-02 3.381179e+02 3.382712e+02  9.995467e-01  -3.643564e+04 -9.002670e-03  -9.002799e-03  
1.406990e-02 3.328702e+02 3.330228e+02  9.995419e-01  -3.549827e+04 -9.097010e-03  -9.096439e-03  
1.421734e-02 3.277040e+02 3.278558e+02  9.995370e-01  -3.458501e+04 -9.192328e-03  -9.191039e-03  
1.436633e-02 3.226180e+02 3.227690e+02  9.995321e-01  -3.369525e+04 -9.288643e-03  -9.286627e-03  
1.451687e-02 3.176109e+02 3.177611e+02  9.995271e-01  -3.282838e+04 -9.385952e-03  -9.383185e-03  
1.466900e-02 3.126815e+02 3.128310e+02  9.995221e-01  -3.198381e+04 -9.484281e-03  -9.480754e-03  
1.482272e-02 3.078285e+02 3.079773e+02  9.995170e-01  -3.116096e+04 -9.583625e-03  -9.579316e-03  
1.497805e-02 3.030509e+02 3.031989e+02  9.995119e-01  -3.035929e+04 -9.684006e-03  -9.678903e-03  
1.513501e-02 2.983474e+02 2.984947e+02  9.995067e-01  -2.957824e+04 -9.785430e-03  -9.779514e-03  
1.529361e-02 2.937169e+02 2.938634e+02  9.995014e-01  -2.881728e+04 -9.887906e-03  -9.881159e-03  
1.545388e-02 2.891582e+02 2.893040e+02  9.994961e-01  -2.807590e+04 -9.991452e-03  -9.983861e-03  
1.561583e-02 2.846703e+02 2.848153e+02  9.994908e-01  -2.735359e+04 -1.009607e-02  -1.008761e-02  
1.577947e-02 2.802520e+02 2.803963e+02  9.994854e-01  -2.664986e+04 -1.020178e-02  -1.019244e-02  
1.594482e-02 2.759023e+02 2.760459e+02  9.994799e-01  -2.596424e+04 -1.030858e-02  -1.029833e-02  
1.611191e-02 2.716201e+02 2.717629e+02  9.994744e-01  -2.529626e+04 -1.041650e-02  -1.040533e-02  
1.628076e-02 2.674043e+02 2.675465e+02  9.994688e-01  -2.464546e+04 -1.052553e-02  -1.051342e-02  
1.645137e-02 2.632540e+02 2.633954e+02  9.994631e-01  -2.401140e+04 -1.063570e-02  -1.062263e-02  
1.662376e-02 2.591680e+02 2.593087e+02  9.994575e-01  -2.339366e+04 -1.074701e-02  -1.073296e-02  
1.679797e-02 2.551455e+02 2.552855e+02  9.994517e-01  -2.279181e+04 -1.085948e-02  -1.084442e-02  
1.697400e-02 2.511854e+02 2.513246e+02  9.994459e-01  -2.220544e+04 -1.097312e-02  -1.095704e-02  
1.715187e-02 2.472867e+02 2.474252e+02  9.994399e-01  -2.163415e+04 -1.108793e-02  -1.107080e-02  
1.733161e-02 2.434485e+02 2.435864e+02  9.994340e-01  -2.107757e+04 -1.120394e-02  -1.118575e-02  
1.751324e-02 2.396699e+02 2.398071e+02  9.994280e-01  -2.053530e+04 -1.132115e-02  -1.130187e-02  
1.769676e-02 2.359499e+02 2.360864e+02  9.994219e-01  -2.000698e+04 -1.143958e-02  -1.141919e-02  
1.788221e-02 2.322876e+02 2.324234e+02  9.994158e-01  -1.949226e+04 -1.155924e-02  -1.153771e-02  
1.806960e-02 2.286822e+02 2.288173e+02  9.994096e-01  -1.899077e+04 -1.168014e-02  -1.165744e-02  
1.825896e-02 2.251327e+02 2.252671e+02  9.994033e-01  -1.850219e+04 -1.180230e-02  -1.177842e-02  
1.845030e-02 2.216383e+02 2.217721e+02  9.993969e-01  -1.802618e+04 -1.192572e-02  -1.190062e-02  
1.864365e-02 2.181982e+02 2.183312e+02  9.993906e-01  -1.756241e+04 -1.205043e-02  -1.202410e-02  
1.883902e-02 2.148114e+02 2.149438e+02  9.993841e-01  -1.711058e+04 -1.217642e-02  -1.214882e-02  
1.903644e-02 2.114771e+02 2.116088e+02  9.993775e-01  -1.667037e+04 -1.230372e-02  -1.227484e-02  
1.923592e-02 2.081946e+02 2.083257e+02  9.993709e-01  -1.624148e+04 -1.243235e-02  -1.240215e-02  
1.943750e-02 2.049631e+02 2.050935e+02  9.993642e-01  -1.582363e+04 -1.256230e-02  -1.253076e-02  
1.964119e-02 2.017817e+02 2.019114e+02  9.993575e-01  -1.541652e+04 -1.269361e-02  -1.266070e-02  
1.984702e-02 1.986496e+02 1.987787e+02  9.993506e-01  -1.501989e+04 -1.282628e-02  -1.279195e-02  
2.005500e-02 1.955662e+02 1.956946e+02  9.993438e-01  -1.463347e+04 -1.296033e-02  -1.292458e-02  
2.026516e-02 1.925306e+02 1.926584e+02  9.993368e-01  -1.425698e+04 -1.309575e-02  -1.305853e-02  
2.047753e-02 1.895421e+02 1.896692e+02  9.993297e-01  -1.389018e+04 -1.323259e-02  -1.319389e-02  
2.069212e-02 1.866000e+02 1.867265e+02  9.993226e-01  -1.353282e+04 -1.337084e-02  -1.333060e-02  
2.090895e-02 1.837035e+02 1.838294e+02  9.993154e-01  -1.318465e+04 -1.351053e-02  -1.346874e-02  
2.112806e-02 1.808520e+02 1.809772e+02  9.993081e-01  -1.284544e+04 -1.365167e-02  -1.360828e-02  
2.134947e-02 1.780448e+02 1.781693e+02  9.993008e-01  -1.251496e+04 -1.379426e-02  -1.374925e-02  
2.157320e-02 1.752811e+02 1.754050e+02  9.992934e-01  -1.219297e+04 -1.393834e-02  -1.389167e-02  
2.179927e-02 1.725603e+02 1.726836e+02  9.992858e-01  -1.187927e+04 -1.408390e-02  -1.403553e-02  
2.202771e-02 1.698817e+02 1.700044e+02  9.992783e-01  -1.157365e+04 -1.423098e-02  -1.418090e-02  
2.225854e-02 1.672447e+02 1.673668e+02  9.992705e-01  -1.127588e+04 -1.437957e-02  -1.432770e-02  
2.249180e-02 1.646486e+02 1.647700e+02  9.992628e-01  -1.098577e+04 -1.452971e-02  -1.447605e-02  
2.272749e-02 1.620928e+02 1.622136e+02  9.992550e-01  -1.070313e+04 -1.468139e-02  -1.462588e-02  
2.296566e-02 1.595766e+02 1.596969e+02  9.992471e-01  -1.042776e+04 -1.483465e-02  -1.477726e-02  
2.320633e-02 1.570995e+02 1.572192e+02  9.992391e-01  -1.015947e+04 -1.498950e-02  -1.493019e-02  
2.344951e-02 1.546609e+02 1.547799e+02  9.992309e-01  -9.898090e+03 -1.514594e-02  -1.508467e-02  
2.369524e-02 1.522601e+02 1.523785e+02  9.992228e-01  -9.643430e+03 -1.530402e-02  -1.524075e-02  
2.394355e-02 1.498965e+02 1.500143e+02  9.992145e-01  -9.395322e+03 -1.546371e-02  -1.539838e-02  
2.419446e-02 1.475696e+02 1.476869e+02  9.992062e-01  -9.153597e+03 -1.562507e-02  -1.555767e-02  
2.444800e-02 1.452788e+02 1.453955e+02  9.991977e-01  -8.918090e+03 -1.578808e-02  -1.571853e-02  
2.470420e-02 1.430236e+02 1.431397e+02  9.991892e-01  -8.688643e+03 -1.595279e-02  -1.588107e-02  
2.496308e-02 1.408034e+02 1.409189e+02  9.991806e-01  -8.465098e+03 -1.611920e-02  -1.604525e-02  
2.522468e-02 1.386176e+02 1.387325e+02  9.991718e-01  -8.247304e+03 -1.628733e-02  -1.621111e-02  
2.548901e-02 1.364658e+02 1.365801e+02  9.991631e-01  -8.035114e+03 -1.645720e-02  -1.637866e-02  
2.575612e-02 1.343473e+02 1.344611e+02  9.991541e-01  -7.828382e+03 -1.662882e-02  -1.654790e-02  
2.602603e-02 1.322618e+02 1.323749e+02  9.991452e-01  -7.626969e+03 -1.680223e-02  -1.671891e-02  
2.629876e-02 1.302086e+02 1.303212e+02  9.991360e-01  -7.430738e+03 -1.697741e-02  -1.689159e-02  
2.657435e-02 1.281872e+02 1.282992e+02  9.991269e-01  -7.239555e+03 -1.715442e-02  -1.706609e-02  
2.685283e-02 1.261972e+02 1.263087e+02  9.991176e-01  -7.053291e+03 -1.733323e-02  -1.724232e-02  
2.713423e-02 1.242381e+02 1.243490e+02  9.991082e-01  -6.871818e+03 -1.751391e-02  -1.742037e-02  
2.741857e-02 1.223095e+02 1.224198e+02  9.990987e-01  -6.695014e+03 -1.769645e-02  -1.760022e-02  
2.770590e-02 1.204107e+02 1.205205e+02  9.990891e-01  -6.522759e+03 -1.788087e-02  -1.778189e-02  
2.799624e-02 1.185414e+02 1.186506e+02  9.990794e-01  -6.354936e+03 -1.806720e-02  -1.796543e-02  
2.828962e-02 1.167011e+02 1.168098e+02  9.990696e-01  -6.191430e+03 -1.825544e-02  -1.815079e-02  
2.858607e-02 1.148894e+02 1.149975e+02  9.990597e-01  -6.032130e+03 -1.844565e-02  -1.833810e-02  
2.888563e-02 1.131058e+02 1.132134e+02  9.990497e-01  -5.876929e+03 -1.863779e-02  -1.852723e-02  
2.918833e-02 1.113499e+02 1.114569e+02  9.990396e-01  -5.725721e+03 -1.883194e-02  -1.871834e-02  
2.949421e-02 1.096212e+02 1.097277e+02  9.990294e-01  -5.578402e+03 -1.902806e-02  -1.891134e-02  
2.980328e-02 1.079194e+02 1.080253e+02  9.990190e-01  -5.434874e+03 -1.922623e-02  -1.910633e-02  
3.011560e-02 1.062439e+02 1.063494e+02  9.990086e-01  -5.295039e+03 -1.942643e-02  -1.930329e-02  
3.043119e-02 1.045945e+02 1.046994e+02  9.989980e-01  -5.158800e+03 -1.962869e-02  -1.950223e-02  
3.075009e-02 1.029707e+02 1.030751e+02  9.989874e-01  -5.026067e+03 -1.983306e-02  -1.970322e-02  
3.107232e-02 1.013720e+02 1.014759e+02  9.989766e-01  -4.896749e+03 -2.003950e-02  -1.990619e-02  
3.139794e-02 9.979823e+01 9.990156e+01  9.989657e-01  -4.770758e+03 -2.024811e-02  -2.011129e-02  
3.172697e-02 9.824883e+01 9.835164e+01  9.989547e-01  -4.648008e+03 -2.045882e-02  -2.031836e-02  
3.205944e-02 9.672349e+01 9.682578e+01  9.989436e-01  -4.528416e+03 -2.067173e-02  -2.052761e-02  
3.239540e-02 9.522182e+01 9.532359e+01  9.989323e-01  -4.411901e+03 -2.088682e-02  -2.073892e-02  
3.273488e-02 9.374345e+01 9.384472e+01  9.989209e-01  -4.298383e+03 -2.110413e-02  -2.095239e-02  
3.307792e-02 9.228803e+01 9.238879e+01  9.989094e-01  -4.187786e+03 -2.132367e-02  -2.116802e-02  
3.342455e-02 9.085520e+01 9.095545e+01  9.988978e-01  -4.080034e+03 -2.154547e-02  -2.138580e-02  
3.377482e-02 8.944460e+01 8.954435e+01  9.988861e-01  -3.975054e+03 -2.176957e-02  -2.160582e-02  
3.412875e-02 8.805590e+01 8.815514e+01  9.988742e-01  -3.872775e+03 -2.199595e-02  -2.182800e-02  
3.448640e-02 8.668875e+01 8.678750e+01  9.988622e-01  -3.773128e+03 -2.222470e-02  -2.205251e-02  
3.484779e-02 8.534282e+01 8.544107e+01  9.988501e-01  -3.676044e+03 -2.245574e-02  -2.227916e-02  
3.521297e-02 8.401778e+01 8.411554e+01  9.988379e-01  -3.581458e+03 -2.268920e-02  -2.250819e-02  
3.558197e-02 8.271331e+01 8.281057e+01  9.988254e-01  -3.489305e+03 -2.292503e-02  -2.273946e-02  
3.595485e-02 8.142908e+01 8.152586e+01  9.988129e-01  -3.399523e+03 -2.316331e-02  -2.297310e-02  
3.633163e-02 8.016479e+01 8.026108e+01  9.988003e-01  -3.312051e+03 -2.340402e-02  -2.320907e-02  
3.671236e-02 7.892012e+01 7.901592e+01  9.987875e-01  -3.226829e+03 -2.364721e-02  -2.344741e-02  
3.709707e-02 7.769477e+01 7.779009e+01  9.987746e-01  -3.143800e+03 -2.389291e-02  -2.368818e-02  
3.748582e-02 7.648843e+01 7.658328e+01  9.987615e-01  -3.062907e+03 -2.414110e-02  -2.393130e-02  
3.787865e-02 7.530082e+01 7.539519e+01  9.987483e-01  -2.984095e+03 -2.439188e-02  -2.417696e-02  
3.827559e-02 7.413164e+01 7.422554e+01  9.987350e-01  -2.907311e+03 -2.464518e-02  -2.442495e-02  
3.867669e-02 7.298062e+01 7.307404e+01  9.987215e-01  -2.832502e+03 -2.490113e-02  -2.467555e-02  
3.908199e-02 7.184745e+01 7.194041e+01  9.987078e-01  -2.759618e+03 -2.515966e-02  -2.492856e-02  
3.949154e-02 7.073188e+01 7.082437e+01  9.986941e-01  -2.688609e+03 -2.542088e-02  -2.518417e-02  
3.990538e-02 6.963362e+01 6.972565e+01  9.986801e-01  -2.619427e+03 -2.568476e-02  -2.544231e-02  
4.032356e-02 6.855241e+01 6.864398e+01  9.986661e-01  -2.552024e+03 -2.595134e-02  -2.570304e-02  
4.074612e-02 6.748799e+01 6.757909e+01  9.986519e-01  -2.486356e+03 -2.622067e-02  -2.596640e-02  
4.117311e-02 6.644008e+01 6.653073e+01  9.986374e-01  -2.422377e+03 -2.649273e-02  -2.623234e-02  
4.160458e-02 6.540844e+01 6.549864e+01  9.986230e-01  -2.360045e+03 -2.676762e-02  -2.650103e-02  
4.204056e-02 6.439281e+01 6.448256e+01  9.986082e-01  -2.299315e+03 -2.704527e-02  -2.677227e-02  
4.248112e-02 6.339295e+01 6.348225e+01  9.985934e-01  -2.240149e+03 -2.732582e-02  -2.704635e-02  
4.292629e-02 6.240861e+01 6.249746e+01  9.985784e-01  -2.182504e+03 -2.760918e-02  -2.732303e-02  
4.337612e-02 6.143955e+01 6.152796e+01  9.985632e-01  -2.126343e+03 -2.789549e-02  -2.760257e-02  
4.383067e-02 6.048554e+01 6.057349e+01  9.985479e-01  -2.071626e+03 -2.818469e-02  -2.788483e-02  
4.428999e-02 5.954633e+01 5.963385e+01  9.985324e-01  -2.018317e+03 -2.847687e-02  -2.816993e-02  
4.475411e-02 5.862170e+01 5.870878e+01  9.985167e-01  -1.966380e+03 -2.877204e-02  -2.845788e-02  
4.522310e-02 5.771142e+01 5.779807e+01  9.985009e-01  -1.915779e+03 -2.907021e-02  -2.874864e-02  
4.569701e-02 5.681528e+01 5.690149e+01  9.984849e-01  -1.866479e+03 -2.937146e-02  -2.904238e-02  
4.617588e-02 5.593305e+01 5.601883e+01  9.984687e-01  -1.818448e+03 -2.967573e-02  -2.933891e-02  
4.665977e-02 5.506451e+01 5.514986e+01  9.984524e-01  -1.771653e+03 -2.998319e-02  -2.963855e-02  
4.714873e-02 5.420946e+01 5.429438e+01  9.984359e-01  -1.726062e+03 -3.029369e-02  -2.994096e-02  
4.764281e-02 5.336768e+01 5.345218e+01  9.984192e-01  -1.681643e+03 -3.060743e-02  -3.024653e-02  
4.814208e-02 5.253897e+01 5.262304e+01  9.984023e-01  -1.638368e+03 -3.092432e-02  -3.055501e-02  
4.864657e-02 5.172312e+01 5.180677e+01  9.983853e-01  -1.596206e+03 -3.124449e-02  -3.086662e-02  
4.915635e-02 5.091994e+01 5.100318e+01  9.983680e-01  -1.555128e+03 -3.156790e-02  -3.118128e-02  
4.967147e-02 5.012923e+01 5.021205e+01  9.983506e-01  -1.515107e+03 -3.189460e-02  -3.149904e-02  
5.019199e-02 4.935079e+01 4.943320e+01  9.983330e-01  -1.476116e+03 -3.222466e-02  -3.181999e-02  
5.071797e-02 4.858444e+01 4.866644e+01  9.983152e-01  -1.438128e+03 -3.255803e-02  -3.214401e-02  
5.124945e-02 4.782999e+01 4.791158e+01  9.982972e-01  -1.401118e+03 -3.289488e-02  -3.247138e-02  
5.178651e-02 4.708725e+01 4.716843e+01  9.982790e-01  -1.365059e+03 -3.323505e-02  -3.280178e-02  
5.232920e-02 4.635605e+01 4.643682e+01  9.982606e-01  -1.329929e+03 -3.357879e-02  -3.313564e-02  
5.287757e-02 4.563619e+01 4.571656e+01  9.982420e-01  -1.295702e+03 -3.392592e-02  -3.347256e-02  
5.343168e-02 4.492752e+01 4.500749e+01  9.982233e-01  -1.262356e+03 -3.427667e-02  -3.381298e-02  
5.399161e-02 4.422984e+01 4.430941e+01  9.982043e-01  -1.229867e+03 -3.463092e-02  -3.415661e-02  
5.455740e-02 4.354300e+01 4.362217e+01  9.981851e-01  -1.198215e+03 -3.498882e-02  -3.450370e-02  
5.512912e-02 4.286683e+01 4.294560e+01  9.981657e-01  -1.167376e+03 -3.535033e-02  -3.485416e-02  
5.570684e-02 4.220115e+01 4.227953e+01  9.981461e-01  -1.137332e+03 -3.571551e-02  -3.520804e-02  
5.629060e-02 4.154581e+01 4.162380e+01  9.981263e-01  -1.108060e+03 -3.608443e-02  -3.556546e-02  
5.688049e-02 4.090065e+01 4.097825e+01  9.981063e-01  -1.079541e+03 -3.645703e-02  -3.592624e-02  
5.747655e-02 4.026550e+01 4.034271e+01  9.980861e-01  -1.051756e+03 -3.683351e-02  -3.629074e-02  
5.807886e-02 3.964022e+01 3.971705e+01  9.980656e-01  -1.024686e+03 -3.721368e-02  -3.665856e-02  
5.868749e-02 3.902464e+01 3.910109e+01  9.980450e-01  -9.983122e+02 -3.759784e-02  -3.703024e-02  
5.930249e-02 3.841863e+01 3.849469e+01  9.980240e-01  -9.726170e+02 -3.798576e-02  -3.740525e-02  
5.992394e-02 3.782203e+01 3.789771e+01  9.980030e-01  -9.475829e+02 -3.837771e-02  -3.778415e-02  
6.055190e-02 3.723469e+01 3.730999e+01  9.979816e-01  -9.231928e+02 -3.877355e-02  -3.816656e-02  
6.118643e-02 3.665647e+01 3.673140e+01  9.979601e-01  -8.994303e+02 -3.917346e-02  -3.855282e-02  
6.182762e-02 3.608723e+01 3.616179e+01  9.979382e-01  -8.762791e+02 -3.957738e-02  -3.894275e-02  
6.247553e-02 3.552684e+01 3.560102e+01  9.979162e-01  -8.537235e+02 -3.998540e-02  -3.933649e-02  
6.313023e-02 3.497514e+01 3.504896e+01  9.978940e-01  -8.317482e+02 -4.039756e-02  -3.973409e-02  
6.379179e-02 3.443202e+01 3.450546e+01  9.978714e-01  -8.103383e+02 -4.081383e-02  -4.013543e-02  
6.446028e-02 3.389733e+01 3.397041e+01  9.978487e-01  -7.894792e+02 -4.123440e-02  -4.054084e-02  
6.513578e-02 3.337094e+01 3.344366e+01  9.978257e-01  -7.691567e+02 -4.165909e-02  -4.094991e-02  
6.581835e-02 3.285274e+01 3.292509e+01  9.978025e-01  -7.493572e+02 -4.208823e-02  -4.136326e-02  
6.650808e-02 3.234257e+01 3.241457e+01  9.977790e-01  -7.300669e+02 -4.252150e-02  -4.178020e-02  
6.720503e-02 3.184034e+01 3.191197e+01  9.977553e-01  -7.112730e+02 -4.295932e-02  -4.220151e-02  
6.790929e-02 3.134591e+01 3.141718e+01  9.977313e-01  -6.929626e+02 -4.340140e-02  -4.262657e-02  
6.862093e-02 3.085915e+01 3.093007e+01  9.977071e-01  -6.751233e+02 -4.384805e-02  -4.305597e-02  
6.934003e-02 3.037996e+01 3.045053e+01  9.976826e-01  -6.577429e+02 -4.429912e-02  -4.348930e-02  
7.006666e-02 2.990821e+01 2.997843e+01  9.976578e-01  -6.408097e+02 -4.475478e-02  -4.392691e-02  
7.080091e-02 2.944379e+01 2.951366e+01  9.976328e-01  -6.243121e+02 -4.521500e-02  -4.436866e-02  
7.154285e-02 2.898659e+01 2.905611e+01  9.976075e-01  -6.082389e+02 -4.567984e-02  -4.481462e-02  
7.229257e-02 2.853649e+01 2.860566e+01  9.975819e-01  -5.925793e+02 -4.614940e-02  -4.526493e-02  
7.305014e-02 2.809338e+01 2.816221e+01  9.975561e-01  -5.773225e+02 -4.662359e-02  -4.571938e-02  
7.381565e-02 2.765716e+01 2.772564e+01  9.975300e-01  -5.624583e+02 -4.710267e-02  -4.617840e-02  
7.458919e-02 2.722771e+01 2.729585e+01  9.975036e-01  -5.479765e+02 -4.758639e-02  -4.664147e-02  
7.537083e-02 2.680494e+01 2.687274e+01  9.974770e-01  -5.338673e+02 -4.807517e-02  -4.710936e-02  
7.616066e-02 2.638874e+01 2.645620e+01  9.974500e-01  -5.201210e+02 -4.856861e-02  -4.758119e-02  
7.695876e-02 2.597900e+01 2.604613e+01  9.974228e-01  -5.067284e+02 -4.906722e-02  -4.805797e-02  
7.776524e-02 2.557563e+01 2.564242e+01  9.973953e-01  -4.936803e+02 -4.957061e-02  -4.853882e-02  
7.858016e-02 2.517853e+01 2.524499e+01  9.973675e-01  -4.809679e+02 -5.007922e-02  -4.902460e-02  
7.940362e-02 2.478760e+01 2.485373e+01  9.973394e-01  -4.685826e+02 -5.059276e-02  -4.951465e-02  
8.023571e-02 2.440275e+01 2.446855e+01  9.973110e-01  -4.565159e+02 -5.111156e-02  -5.000956e-02  
8.107652e-02 2.402388e+01 2.408935e+01  9.972823e-01  -4.447596e+02 -5.163547e-02  -5.050897e-02  
8.192615e-02 2.365090e+01 2.371604e+01  9.972533e-01  -4.333058e+02 -5.216464e-02  -5.101317e-02  
8.278467e-02 2.328371e+01 2.334853e+01  9.972240e-01  -4.221467e+02 -5.269910e-02  -5.152209e-02  
8.365219e-02 2.292224e+01 2.298673e+01  9.971944e-01  -4.112746e+02 -5.323885e-02  -5.203571e-02  
8.452881e-02 2.256638e+01 2.263055e+01  9.971644e-01  -4.006822e+02 -5.378406e-02  -5.255429e-02  
8.541461e-02 2.221605e+01 2.227990e+01  9.971342e-01  -3.903623e+02 -5.433458e-02  -5.307747e-02  
8.630969e-02 2.187117e+01 2.193470e+01  9.971037e-01  -3.803080e+02 -5.489075e-02  -5.360587e-02  
8.721415e-02 2.153165e+01 2.159487e+01  9.970727e-01  -3.705123e+02 -5.545224e-02  -5.413876e-02  
8.812809e-02 2.119742e+01 2.126031e+01  9.970416e-01  -3.609686e+02 -5.601957e-02  -5.467713e-02  
8.905161e-02 2.086838e+01 2.093096e+01  9.970100e-01  -3.516704e+02 -5.659224e-02  -5.521988e-02  
8.998480e-02 2.054445e+01 2.060672e+01  9.969782e-01  -3.426114e+02 -5.717092e-02  -5.576832e-02  
9.092778e-02 2.022556e+01 2.028752e+01  9.969460e-01  -3.337854e+02 -5.775499e-02  -5.632112e-02  
9.188063e-02 1.991164e+01 1.997328e+01  9.969135e-01  -3.251866e+02 -5.834517e-02  -5.687967e-02  
9.284348e-02 1.960259e+01 1.966393e+01  9.968806e-01  -3.168089e+02 -5.894092e-02  -5.744279e-02  
9.381641e-02 1.929835e+01 1.935938e+01  9.968474e-01  -3.086468e+02 -5.954281e-02  -5.801159e-02  
9.479953e-02 1.899885e+01 1.905957e+01  9.968138e-01  -3.006946e+02 -6.015046e-02  -5.858518e-02  
9.579296e-02 1.870400e+01 1.876442e+01  9.967800e-01  -2.929470e+02 -6.076428e-02  -5.916438e-02  
9.679680e-02 1.841374e+01 1.847386e+01  9.967457e-01  -2.853986e+02 -6.138403e-02  -5.974860e-02  
9.781116e-02 1.812799e+01 1.818781e+01  9.967111e-01  -2.780445e+02 -6.201000e-02  -6.033833e-02  
9.883615e-02 1.784670e+01 1.790621e+01  9.966762e-01  -2.708796e+02 -6.264209e-02  -6.093333e-02  
9.987188e-02 1.756977e+01 1.762899e+01  9.966408e-01  -2.638990e+02 -6.328043e-02  -6.153376e-02  
1.009185e-01 1.729716e+01 1.735608e+01  9.966052e-01  -2.570979e+02 -6.392508e-02  -6.213969e-02  
1.019760e-01 1.702879e+01 1.708742e+01  9.965691e-01  -2.504718e+02 -6.457601e-02  -6.275096e-02  
1.030447e-01 1.676460e+01 1.682293e+01  9.965327e-01  -2.440162e+02 -6.523345e-02  -6.336797e-02  
1.041245e-01 1.650452e+01 1.656256e+01  9.964959e-01  -2.377266e+02 -6.589720e-02  -6.399021e-02  
1.052156e-01 1.624849e+01 1.630623e+01  9.964587e-01  -2.315988e+02 -6.656767e-02  -6.461845e-02  
1.063182e-01 1.599644e+01 1.605390e+01  9.964212e-01  -2.256286e+02 -6.724447e-02  -6.525182e-02  
1.074324e-01 1.574832e+01 1.580549e+01  9.963833e-01  -2.198120e+02 -6.792819e-02  -6.589144e-02  
1.085582e-01 1.550407e+01 1.556094e+01  9.963449e-01  -2.141450e+02 -6.861828e-02  -6.653608e-02  
1.096958e-01 1.526361e+01 1.532020e+01  9.963063e-01  -2.086239e+02 -6.931549e-02  -6.718723e-02  
1.108453e-01 1.502690e+01 1.508321e+01  9.962672e-01  -2.032447e+02 -7.001911e-02  -6.784326e-02  
1.120069e-01 1.479388e+01 1.484990e+01  9.962277e-01  -1.980039e+02 -7.073005e-02  -6.850608e-02  
1.131806e-01 1.456449e+01 1.462022e+01  9.961878e-01  -1.928979e+02 -7.144743e-02  -6.917367e-02  
1.143667e-01 1.433867e+01 1.439412e+01  9.961476e-01  -1.879232e+02 -7.217233e-02  -6.984825e-02  
1.155652e-01 1.411637e+01 1.417154e+01  9.961068e-01  -1.830765e+02 -7.290374e-02  -7.052757e-02  
1.167762e-01 1.389753e+01 1.395243e+01  9.960658e-01  -1.783545e+02 -7.364279e-02  -7.121395e-02  
1.179999e-01 1.368211e+01 1.373672e+01  9.960243e-01  -1.737538e+02 -7.438853e-02  -7.190524e-02  
1.192365e-01 1.347004e+01 1.352438e+01  9.959824e-01  -1.692716e+02 -7.514198e-02  -7.260357e-02  
1.204860e-01 1.326128e+01 1.331534e+01  9.959401e-01  -1.649046e+02 -7.590229e-02  -7.330694e-02  
1.217486e-01 1.305577e+01 1.310956e+01  9.958973e-01  -1.606500e+02 -7.667040e-02  -7.401735e-02  
1.230244e-01 1.285347e+01 1.290698e+01  9.958542e-01  -1.565047e+02 -7.744553e-02  -7.473295e-02  
1.243136e-01 1.265432e+01 1.270756e+01  9.958106e-01  -1.524662e+02 -7.822856e-02  -7.545556e-02  
1.256164e-01 1.245828e+01 1.251125e+01  9.957666e-01  -1.485314e+02 -7.901876e-02  -7.618351e-02  
1.269327e-01 1.226530e+01 1.231799e+01  9.957222e-01  -1.446979e+02 -7.981696e-02  -7.691845e-02  
1.282629e-01 1.207532e+01 1.212775e+01  9.956773e-01  -1.409629e+02 -8.062249e-02  -7.765886e-02  
1.296070e-01 1.188832e+01 1.194047e+01  9.956320e-01  -1.373241e+02 -8.143612e-02  -7.840627e-02  
1.309652e-01 1.170423e+01 1.175612e+01  9.955863e-01  -1.337788e+02 -8.225724e-02  -7.915925e-02  
1.323376e-01 1.152301e+01 1.157463e+01  9.955402e-01  -1.303246e+02 -8.308657e-02  -7.991924e-02  
1.337244e-01 1.134462e+01 1.139598e+01  9.954935e-01  -1.269593e+02 -8.392354e-02  -8.068489e-02  
1.351257e-01 1.116902e+01 1.122011e+01  9.954465e-01  -1.236806e+02 -8.476883e-02  -8.145758e-02  
1.365417e-01 1.099616e+01 1.104699e+01  9.953990e-01  -1.204862e+02 -8.562190e-02  -8.223601e-02  
1.379726e-01 1.082601e+01 1.087657e+01  9.953511e-01  -1.173739e+02 -8.648343e-02  -8.302151e-02  
1.394184e-01 1.065851e+01 1.070881e+01  9.953027e-01  -1.143416e+02 -8.735288e-02  -8.381280e-02  
1.408794e-01 1.049362e+01 1.054367e+01  9.952539e-01  -1.113874e+02 -8.823091e-02  -8.461122e-02  
1.423558e-01 1.033132e+01 1.038110e+01  9.952046e-01  -1.085091e+02 -8.911700e-02  -8.541546e-02  
1.438475e-01 1.017155e+01 1.022107e+01  9.951549e-01  -1.057048e+02 -9.001181e-02  -8.622690e-02  
1.453550e-01 1.001428e+01 1.006355e+01  9.951047e-01  -1.029726e+02 -9.091480e-02  -8.704414e-02  
1.468782e-01 9.859473e+00 9.908480e+00  9.950541e-01  -1.003107e+02 -9.182668e-02  -8.786870e-02  
1.484173e-01 9.707085e+00 9.755835e+00  9.950030e-01  -9.771720e+01 -9.274683e-02  -8.869902e-02  
1.499727e-01 9.557082e+00 9.605577e+00  9.949514e-01  -9.519041e+01 -9.367605e-02  -8.953677e-02  
1.515443e-01 9.409427e+00 9.457666e+00  9.948994e-01  -9.272857e+01 -9.461363e-02  -9.038021e-02  
1.531323e-01 9.264083e+00 9.312069e+00  9.948469e-01  -9.033005e+01 -9.556049e-02  -9.123126e-02  
1.547370e-01 9.121015e+00 9.168748e+00  9.947940e-01  -8.799317e+01 -9.651576e-02  -9.208785e-02  
1.563586e-01 8.980189e+00 9.027669e+00  9.947406e-01  -8.571640e+01 -9.748053e-02  -9.295226e-02  
1.579971e-01 8.841569e+00 8.888798e+00  9.946867e-01  -8.349814e+01 -9.845377e-02  -9.382203e-02  
1.596528e-01 8.705122e+00 8.752099e+00  9.946324e-01  -8.133693e+01 -9.943675e-02  -9.469986e-02  
1.613258e-01 8.570814e+00 8.617541e+00  9.945776e-01  -7.923125e+01 -1.004282e-01  -9.558282e-02  
1.630164e-01 8.438612e+00 8.485090e+00  9.945224e-01  -7.717973e+01 -1.014297e-01  -9.647413e-02  
1.647247e-01 8.308484e+00 8.354713e+00  9.944667e-01  -7.518092e+01 -1.024397e-01  -9.737027e-02  
1.664509e-01 8.180398e+00 8.226379e+00  9.944106e-01  -7.323352e+01 -1.034599e-01  -9.827511e-02  
1.681952e-01 8.054323e+00 8.100056e+00  9.943539e-01  -7.133615e+01 -1.044886e-01  -9.918439e-02  
1.699577e-01 7.930228e+00 7.975714e+00  9.942969e-01  -6.948758e+01 -1.055280e-01  -1.001028e-01  
1.717388e-01 7.808081e+00 7.853322e+00  9.942393e-01  -6.768649e+01 -1.065757e-01  -1.010252e-01  
1.735385e-01 7.687855e+00 7.732850e+00  9.941813e-01  -6.593173e+01 -1.076343e-01  -1.019568e-01  
1.753570e-01 7.569518e+00 7.614269e+00  9.941229e-01  -6.422203e+01 -1.087015e-01  -1.028926e-01  
1.771946e-01 7.453043e+00 7.497549e+00  9.940640e-01  -6.255631e+01 -1.097795e-01  -1.038373e-01  
1.790515e-01 7.338400e+00 7.382662e+00  9.940046e-01  -6.093336e+01 -1.108665e-01  -1.047866e-01  
1.809278e-01 7.225562e+00 7.269580e+00  9.939448e-01  -5.935215e+01 -1.119642e-01  -1.057443e-01  
1.828238e-01 7.114500e+00 7.158276e+00  9.938846e-01  -5.781155e+01 -1.130712e-01  -1.067070e-01  
1.847397e-01 7.005188e+00 7.048721e+00  9.938239e-01  -5.631056e+01 -1.141889e-01  -1.076776e-01  
1.866756e-01 6.897598e+00 6.940890e+00  9.937628e-01  -5.484813e+01 -1.153163e-01  -1.086537e-01  
1.886318e-01 6.791705e+00 6.834755e+00  9.937012e-01  -5.342328e+01 -1.164542e-01  -1.096370e-01  
1.906086e-01 6.687482e+00 6.730292e+00  9.936393e-01  -5.203504e+01 -1.176023e-01  -1.106266e-01  
1.926060e-01 6.584905e+00 6.627474e+00  9.935768e-01  -5.068247e+01 -1.187607e-01  -1.116224e-01  
1.946244e-01 6.483947e+00 6.526276e+00  9.935140e-01  -4.936465e+01 -1.199297e-01  -1.126253e-01  
1.966639e-01 6.384584e+00 6.426673e+00  9.934508e-01  -4.808068e+01 -1.211088e-01  -1.136334e-01  
1.987248e-01 6.286791e+00 6.328642e+00  9.933872e-01  -4.682971e+01 -1.222991e-01  -1.146495e-01  
2.008073e-01 6.190546e+00 6.232157e+00  9.933231e-01  -4.561086e+01 -1.234991e-01  -1.156698e-01  
2.029116e-01 6.095823e+00 6.137196e+00  9.932587e-01  -4.442334e+01 -1.247110e-01  -1.166991e-01  
2.050380e-01 6.002601e+00 6.043735e+00  9.931938e-01  -4.326630e+01 -1.259322e-01  -1.177311e-01  
2.071866e-01 5.910855e+00 5.951752e+00  9.931287e-01  -4.213900e+01 -1.271656e-01  -1.187726e-01  
2.093578e-01 5.820564e+00 5.861223e+00  9.930631e-01  -4.104063e+01 -1.284086e-01  -1.198170e-01  
2.115517e-01 5.731705e+00 5.772127e+00  9.929971e-01  -3.997049e+01 -1.296636e-01  -1.208700e-01  
2.137686e-01 5.644257e+00 5.684442e+00  9.929308e-01  -3.892782e+01 -1.309288e-01  -1.219270e-01  
2.160087e-01 5.558198e+00 5.598146e+00  9.928642e-01  -3.791194e+01 -1.322055e-01  -1.229910e-01  
2.182723e-01 5.473507e+00 5.513218e+00  9.927973e-01  -3.692214e+01 -1.334933e-01  -1.240606e-01  
2.205597e-01 5.390164e+00 5.429637e+00  9.927300e-01  -3.595776e+01 -1.347920e-01  -1.251352e-01  
2.228710e-01 5.308147e+00 5.347384e+00  9.926624e-01  -3.501815e+01 -1.361026e-01  -1.262171e-01  
2.252065e-01 5.227437e+00 5.266437e+00  9.925945e-01  -3.410264e+01 -1.374234e-01  -1.273018e-01  
2.275665e-01 5.148014e+00 5.186778e+00  9.925263e-01  -3.321067e+01 -1.387572e-01  -1.283958e-01  
2.299512e-01 5.069858e+00 5.108386e+00  9.924579e-01  -3.234156e+01 -1.401004e-01  -1.294902e-01  
2.323609e-01 4.992950e+00 5.031242e+00  9.923892e-01  -3.149480e+01 -1.414567e-01  -1.305937e-01  
2.347959e-01 4.917272e+00 4.955327e+00  9.923203e-01  -3.066975e+01 -1.428233e-01  -1.316995e-01  
2.372564e-01 4.842804e+00 4.880623e+00  9.922511e-01  -2.986589e+01 -1.442022e-01  -1.328119e-01  
2.397427e-01 4.769529e+00 4.807112e+00  9.921817e-01  -2.908266e+01 -1.455927e-01  -1.339289e-01  
2.422550e-01 4.697428e+00 4.734775e+00  9.921122e-01  -2.831953e+01 -1.469944e-01  -1.350495e-01  
2.447937e-01 4.626484e+00 4.663595e+00  9.920425e-01  -2.757601e+01 -1.484089e-01  -1.361774e-01  
2.473589e-01 4.556679e+00 4.593553e+00  9.919726e-01  -2.685154e+01 -1.498335e-01  -1.373055e-01  
2.499511e-01 4.487997e+00 4.524634e+00  9.919026e-01  -2.614569e+01 -1.512717e-01  -1.384421e-01  
2.525704e-01 4.420419e+00 4.456820e+00  9.918325e-01  -2.545793e+01 -1.527200e-01  -1.395788e-01  
2.552171e-01 4.353931e+00 4.390095e+00  9.917623e-01  -2.478783e+01 -1.541813e-01  -1.407218e-01  
2.578916e-01 4.288514e+00 4.324441e+00  9.916921e-01  -2.413492e+01 -1.556544e-01  -1.418681e-01  
2.605941e-01 4.224154e+00 4.259844e+00  9.916218e-01  -2.349876e+01 -1.571389e-01  -1.430166e-01  
2.633249e-01 4.160834e+00 4.196287e+00  9.915515e-01  -2.287894e+01 -1.586369e-01  -1.441722e-01  
2.660844e-01 4.098539e+00 4.133754e+00  9.914812e-01  -2.227500e+01 -1.601447e-01  -1.453253e-01  
2.688728e-01 4.037254e+00 4.072230e+00  9.914109e-01  -2.168657e+01 -1.616665e-01  -1.464859e-01  
2.716904e-01 3.976962e+00 4.011701e+00  9.913408e-01  -2.111323e+01 -1.631992e-01  -1.476463e-01  
2.745375e-01 3.917651e+00 3.952150e+00  9.912707e-01  -2.055459e+01 -1.647443e-01  -1.488100e-01  
2.774144e-01 3.859304e+00 3.893564e+00  9.912007e-01  -2.001030e+01 -1.663025e-01  -1.499781e-01  
2.803215e-01 3.801907e+00 3.835928e+00  9.911309e-01  -1.947995e+01 -1.678711e-01  -1.511437e-01  
2.832591e-01 3.745447e+00 3.779228e+00  9.910614e-01  -1.896323e+01 -1.694537e-01  -1.523157e-01  
2.862274e-01 3.689910e+00 3.723450e+00  9.909920e-01  -1.845974e+01 -1.710470e-01  -1.534852e-01  
2.892269e-01 3.635281e+00 3.668581e+00  9.909229e-01  -1.796918e+01 -1.726531e-01  -1.546574e-01  
2.922578e-01 3.581547e+00 3.614606e+00  9.908541e-01  -1.749120e+01 -1.742724e-01  -1.558328e-01  
2.953204e-01 3.528695e+00 3.561512e+00  9.907857e-01  -1.702547e+01 -1.759019e-01  -1.570037e-01  
2.984152e-01 3.476712e+00 3.509286e+00  9.907176e-01  -1.657170e+01 -1.775456e-01  -1.581797e-01  
3.015423e-01 3.425585e+00 3.457916e+00  9.906500e-01  -1.612956e+01 -1.792003e-01  -1.593525e-01  
3.047023e-01 3.375301e+00 3.407389e+00  9.905828e-01  -1.569877e+01 -1.808673e-01  -1.605251e-01  
3.078953e-01 3.325848e+00 3.357692e+00  9.905162e-01  -1.527903e+01 -1.825484e-01  -1.617016e-01  
3.111218e-01 3.277214e+00 3.308813e+00  9.904501e-01  -1.487004e+01 -1.842386e-01  -1.628693e-01  
3.143822e-01 3.229386e+00 3.260740e+00  9.903846e-01  -1.447156e+01 -1.859430e-01  -1.640403e-01  
3.176767e-01 3.182353e+00 3.213460e+00  9.903197e-01  -1.408330e+01 -1.876596e-01  -1.652097e-01  
3.210057e-01 3.136103e+00 3.166963e+00  9.902556e-01  -1.370499e+01 -1.893870e-01  -1.663732e-01  
3.243696e-01 3.090624e+00 3.121237e+00  9.901922e-01  -1.333640e+01 -1.911285e-01  -1.675390e-01  
3.277687e-01 3.045906e+00 3.076270e+00  9.901296e-01  -1.297726e+01 -1.928806e-01  -1.686980e-01  
3.312035e-01 3.001937e+00 3.032051e+00  9.900679e-01  -1.262733e+01 -1.946448e-01  -1.698534e-01  
3.346743e-01 2.958705e+00 2.988570e+00  9.900071e-01  -1.228640e+01 -1.964230e-01  -1.710098e-01  
3.381814e-01 2.916201e+00 2.945815e+00  9.899473e-01  -1.195420e+01 -1.982105e-01  -1.721550e-01  
3.417253e-01 2.874414e+00 2.903775e+00  9.898885e-01  -1.163053e+01 -2.000110e-01  -1.732980e-01  
3.453064e-01 2.833333e+00 2.862441e+00  9.898309e-01  -1.131519e+01 -2.018254e-01  -1.744406e-01  
3.489249e-01 2.792947e+00 2.821802e+00  9.897744e-01  -1.100792e+01 -2.036480e-01  -1.755684e-01  
3.525814e-01 2.753248e+00 2.781848e+00  9.897191e-01  -1.070855e+01 -2.054841e-01  -1.766942e-01  
3.562762e-01 2.714224e+00 2.742568e+00  9.896651e-01  -1.041688e+01 -2.073338e-01  -1.778176e-01  
3.600097e-01 2.675866e+00 2.703953e+00  9.896124e-01  -1.013269e+01 -2.091914e-01  -1.789245e-01  
3.637823e-01 2.638164e+00 2.665994e+00  9.895612e-01  -9.855809e+00 -2.110624e-01  -1.800279e-01  
3.675945e-01 2.601110e+00 2.628681e+00  9.895115e-01  -9.586054e+00 -2.129468e-01  -1.811275e-01  
3.714466e-01 2.564692e+00 2.592003e+00  9.894633e-01  -9.323217e+00 -2.148389e-01  -1.822088e-01  
3.753391e-01 2.528903e+00 2.555953e+00  9.894168e-01  -9.067148e+00 -2.167438e-01  -1.832843e-01  
3.792724e-01 2.493733e+00 2.520521e+00  9.893721e-01  -8.817674e+00 -2.186616e-01  -1.843538e-01  
3.832469e-01 2.459173e+00 2.485698e+00  9.893291e-01  -8.574610e+00 -2.205879e-01  -1.854060e-01  
3.872630e-01 2.425215e+00 2.451475e+00  9.892879e-01  -8.337805e+00 -2.225255e-01  -1.864475e-01  
3.913213e-01 2.391849e+00 2.417844e+00  9.892488e-01  -8.107107e+00 -2.244757e-01  -1.874809e-01  
3.954220e-01 2.359067e+00 2.384795e+00  9.892116e-01  -7.882351e+00 -2.264358e-01  -1.884997e-01  
3.995658e-01 2.326861e+00 2.352321e+00  9.891766e-01  -7.663382e+00 -2.284048e-01  -1.895008e-01  
4.037529e-01 2.295223e+00 2.320414e+00  9.891438e-01  -7.450068e+00 -2.303858e-01  -1.904916e-01  
4.079839e-01 2.264144e+00 2.289064e+00  9.891132e-01  -7.242264e+00 -2.323786e-01  -1.914712e-01  
4.122593e-01 2.233616e+00 2.258265e+00  9.890850e-01  -7.039815e+00 -2.343781e-01  -1.924270e-01  
4.165795e-01 2.203631e+00 2.228007e+00  9.890593e-01  -6.842600e+00 -2.363883e-01  -1.933683e-01  
4.209449e-01 2.174182e+00 2.198284e+00  9.890361e-01  -6.650489e+00 -2.384098e-01  -1.942959e-01  
4.253561e-01 2.145261e+00 2.169087e+00  9.890155e-01  -6.463351e+00 -2.404417e-01  -1.952079e-01  
4.298135e-01 2.116859e+00 2.140409e+00  9.889976e-01  -6.281049e+00 -2.424795e-01  -1.960928e-01  
4.343177e-01 2.088971e+00 2.112243e+00  9.889825e-01  -6.103475e+00 -2.445277e-01  -1.969614e-01  
4.388690e-01 2.061588e+00 2.084580e+00  9.889703e-01  -5.930510e+00 -2.465861e-01  -1.978127e-01  
4.434680e-01 2.034703e+00 2.057415e+00  9.889611e-01  -5.762038e+00 -2.486545e-01  -1.986457e-01  
4.481152e-01 2.008310e+00 2.030739e+00  9.889549e-01  -5.597936e+00 -2.507280e-01  -1.994490e-01  
4.528112e-01 1.982400e+00 2.004546e+00  9.889519e-01  -5.438103e+00 -2.528104e-01  -2.002314e-01  
4.575563e-01 1.956967e+00 1.978829e+00  9.889521e-01  -5.282436e+00 -2.549019e-01  -2.009927e-01  
4.623511e-01 1.932004e+00 1.953580e+00  9.889556e-01  -5.130828e+00 -2.570022e-01  -2.017319e-01  
4.671962e-01 1.907504e+00 1.928793e+00  9.889626e-01  -4.983178e+00 -2.591101e-01  -2.024463e-01  
4.720921e-01 1.883462e+00 1.904462e+00  9.889730e-01  -4.839380e+00 -2.612226e-01  -2.031287e-01  
4.770393e-01 1.859869e+00 1.880580e+00  9.889870e-01  -4.699347e+00 -2.633429e-01  -2.037863e-01  
4.820383e-01 1.836720e+00 1.857139e+00  9.890047e-01  -4.562984e+00 -2.654707e-01  -2.044181e-01  
4.870897e-01 1.814007e+00 1.834135e+00  9.890262e-01  -4.430202e+00 -2.676055e-01  -2.050229e-01  
4.921941e-01 1.791726e+00 1.811560e+00  9.890514e-01  -4.300909e+00 -2.697471e-01  -2.055999e-01  
4.973519e-01 1.769869e+00 1.789409e+00  9.890806e-01  -4.175019e+00 -2.718937e-01  -2.061452e-01  
5.025638e-01 1.748431e+00 1.767674e+00  9.891138e-01  -4.052445e+00 -2.740442e-01  -2.066561e-01  
5.078303e-01 1.727405e+00 1.746351e+00  9.891511e-01  -3.933110e+00 -2.762004e-01  -2.071366e-01  
5.131520e-01 1.706785e+00 1.725433e+00  9.891924e-01  -3.816933e+00 -2.783618e-01  -2.075856e-01  
5.185294e-01 1.686566e+00 1.704914e+00  9.892380e-01  -3.703837e+00 -2.805281e-01  -2.080020e-01  
5.239632e-01 1.666741e+00 1.684789e+00  9.892879e-01  -3.593745e+00 -2.826988e-01  -2.083850e-01  
5.294540e-01 1.647305e+00 1.665050e+00  9.893421e-01  -3.486585e+00 -2.848735e-01  -2.087336e-01  
5.350023e-01 1.628251e+00 1.645694e+00  9.894008e-01  -3.382283e+00 -2.870518e-01  -2.090467e-01  
5.406087e-01 1.609575e+00 1.626714e+00  9.894639e-01  -3.280769e+00 -2.892332e-01  -2.093237e-01  
5.462739e-01 1.591270e+00 1.608105e+00  9.895315e-01  -3.181976e+00 -2.914172e-01  -2.095635e-01  
5.519984e-01 1.573332e+00 1.589861e+00  9.896037e-01  -3.085836e+00 -2.936032e-01  -2.097649e-01  
5.577830e-01 1.555754e+00 1.571976e+00  9.896805e-01  -2.992284e+00 -2.957905e-01  -2.099266e-01  
5.636281e-01 1.538531e+00 1.554446e+00  9.897620e-01  -2.901259e+00 -2.979794e-01  -2.100494e-01  
5.695345e-01 1.521659e+00 1.537265e+00  9.898482e-01  -2.812698e+00 -3.001695e-01  -2.101327e-01  
5.755028e-01 1.505130e+00 1.520427e+00  9.899391e-01  -2.726540e+00 -3.023604e-01  -2.101757e-01  
5.815337e-01 1.488941e+00 1.503928e+00  9.900348e-01  -2.642729e+00 -3.045517e-01  -2.101779e-01  
5.876277e-01 1.473086e+00 1.487763e+00  9.901353e-01  -2.561206e+00 -3.067429e-01  -2.101387e-01  
5.937856e-01 1.457560e+00 1.471926e+00  9.902406e-01  -2.481915e+00 -3.089330e-01  -2.100563e-01  
6.000081e-01 1.442358e+00 1.456412e+00  9.903507e-01  -2.404802e+00 -3.111215e-01  -2.099304e-01  
6.062957e-01 1.427475e+00 1.441216e+00  9.904656e-01  -2.329814e+00 -3.133086e-01  -2.097614e-01  
6.126493e-01 1.412906e+00 1.426334e+00  9.905854e-01  -2.256899e+00 -3.154937e-01  -2.095488e-01  
6.190694e-01 1.398645e+00 1.411760e+00  9.907100e-01  -2.186008e+00 -3.176766e-01  -2.092924e-01  
6.255568e-01 1.384688e+00 1.397490e+00  9.908394e-01  -2.117090e+00 -3.198569e-01  -2.089920e-01  
6.321121e-01 1.371031e+00 1.383519e+00  9.909737e-01  -2.050098e+00 -3.220343e-01  -2.086475e-01  
6.387362e-01 1.357668e+00 1.369842e+00  9.911127e-01  -1.984985e+00 -3.242085e-01  -2.082587e-01  
6.454297e-01 1.344595e+00 1.356455e+00  9.912564e-01  -1.921704e+00 -3.263776e-01  -2.078235e-01  
6.521933e-01 1.331807e+00 1.343353e+00  9.914049e-01  -1.860210e+00 -3.285404e-01  -2.073403e-01  
6.590278e-01 1.319298e+00 1.330531e+00  9.915581e-01  -1.800461e+00 -3.306990e-01  -2.068127e-01  
6.659339e-01 1.307066e+00 1.317984e+00  9.917159e-01  -1.742414e+00 -3.328530e-01  -2.062409e-01  
6.729124e-01 1.295105e+00 1.305709e+00  9.918783e-01  -1.686025e+00 -3.350001e-01  -2.056222e-01  
6.799641e-01 1.283410e+00 1.293701e+00  9.920451e-01  -1.631255e+00 -3.371392e-01  -2.049556e-01  
6.870896e-01 1.271977e+00 1.281955e+00  9.922165e-01  -1.578064e+00 -3.392729e-01  -2.042455e-01  
6.942898e-01 1.260802e+00 1.270467e+00  9.923922e-01  -1.526413e+00 -3.413982e-01  -2.034884e-01  
7.015654e-01 1.249880e+00 1.259233e+00  9.925722e-01  -1.476263e+00 -3.435149e-01  -2.026849e-01  
7.089173e-01 1.239207e+00 1.248248e+00  9.927564e-01  -1.427579e+00 -3.456247e-01  -2.018378e-01  
7.163463e-01 1.228778e+00 1.237509e+00  9.929447e-01  -1.380321e+00 -3.477231e-01  -2.009425e-01  
7.238530e-01 1.218589e+00 1.227010e+00  9.931371e-01  -1.334456e+00 -3.498140e-01  -2.000046e-01  
7.314385e-01 1.208637e+00 1.216749e+00  9.933334e-01  -1.289948e+00 -3.518932e-01  -1.990199e-01  
7.391034e-01 1.198916e+00 1.206719e+00  9.935335e-01  -1.246763e+00 -3.539627e-01  -1.979917e-01  
7.468487e-01 1.189423e+00 1.196919e+00  9.937373e-01  -1.204869e+00 -3.560224e-01  -1.969207e-01  
7.546751e-01 1.180153e+00 1.187343e+00  9.939446e-01  -1.164231e+00 -3.580684e-01  -1.958039e-01  
7.625836e-01 1.171103e+00 1.177988e+00  9.941554e-01  -1.124818e+00 -3.601035e-01  -1.946452e-01  
7.705749e-01 1.162268e+00 1.168849e+00  9.943696e-01  -1.086599e+00 -3.621266e-01  -1.934444e-01  
7.786499e-01 1.153644e+00 1.159923e+00  9.945869e-01  -1.049543e+00 -3.641370e-01  -1.922019e-01  
7.868096e-01 1.145228e+00 1.151206e+00  9.948073e-01  -1.013621e+00 -3.661341e-01  -1.909184e-01  
7.950548e-01 1.137015e+00 1.142693e+00  9.950306e-01  -9.788021e-01 -3.681175e-01  -1.895945e-01  
8.033864e-01 1.129002e+00 1.134382e+00  9.952567e-01  -9.450584e-01 -3.700868e-01  -1.882312e-01  
8.118053e-01 1.121184e+00 1.126269e+00  9.954853e-01  -9.123617e-01 -3.720419e-01  -1.868295e-01  
8.203124e-01 1.113558e+00 1.118348e+00  9.957165e-01  -8.806843e-01 -3.739828e-01  -1.853904e-01  
8.289087e-01 1.106120e+00 1.110618e+00  9.959499e-01  -8.499993e-01 -3.759071e-01  -1.839138e-01  
8.375950e-01 1.098867e+00 1.103074e+00  9.961856e-01  -8.202803e-01 -3.778172e-01  -1.824022e-01  
8.463724e-01 1.091794e+00 1.095713e+00  9.964232e-01  -7.915014e-01 -3.797103e-01  -1.808553e-01  
8.552418e-01 1.084898e+00 1.088531e+00  9.966626e-01  -7.636373e-01 -3.815874e-01  -1.792749e-01  
8.642041e-01 1.078176e+00 1.081525e+00  9.969037e-01  -7.366633e-01 -3.834480e-01  -1.776621e-01  
8.732603e-01 1.071624e+00 1.074691e+00  9.971464e-01  -7.105550e-01 -3.852919e-01  -1.760179e-01  
8.824114e-01 1.065238e+00 1.068025e+00  9.973904e-01  -6.852888e-01 -3.871178e-01  -1.743433e-01  
8.916584e-01 1.059015e+00 1.061525e+00  9.976355e-01  -6.608414e-01 -3.889265e-01  -1.726398e-01  
9.010024e-01 1.052951e+00 1.055186e+00  9.978817e-01  -6.371900e-01 -3.907173e-01  -1.709085e-01  
9.104442e-01 1.047044e+00 1.049007e+00  9.981288e-01  -6.143124e-01 -3.924900e-01  -1.691508e-01  
9.199850e-01 1.041289e+00 1.042982e+00  9.983765e-01  -5.921869e-01 -3.942441e-01  -1.673677e-01  
9.296258e-01 1.035684e+00 1.037110e+00  9.986248e-01  -5.707921e-01 -3.959794e-01  -1.655608e-01  
9.393676e-01 1.030225e+00 1.031387e+00  9.988734e-01  -5.501072e-01 -3.976958e-01  -1.637312e-01  
9.492114e-01 1.024909e+00 1.025809e+00  9.991223e-01  -5.301118e-01 -3.993931e-01  -1.618804e-01  
9.591585e-01 1.019733e+00 1.020374e+00  9.993712e-01  -5.107861e-01 -4.010709e-01  -1.600097e-01  
9.692098e-01 1.014693e+00 1.015079e+00  9.996200e-01  -4.921104e-01 -4.027292e-01  -1.581205e-01  
9.793664e-01 1.009787e+00 1.009920e+00  9.998686e-01  -4.740658e-01 -4.043676e-01  -1.562142e-01  
9.896294e-01 1.005012e+00 1.004895e+00  1.000117e+00  -4.566337e-01 -4.059861e-01  -1.542921e-01  
1.000000e+00 1.000364e+00 1.000000e+00  1.000364e+00  -4.397960e-01 -4.075845e-01  -1.523557e-01  
