# a_E             a_J             E_J             dE_J/da         phi_J           dphi_J/da       G_eff/G         A_conf          D_kmou          
3.000000e-05	2.999998e-05	3.382418e+06	-1.761885e+11	-3.000000e-06	-3.047787e-05	1.068279e+00	9.999994e-01	2.999998e-05
3.000000e-05	2.999999e-05	3.382418e+06	-1.750100e+11	-3.000000e-06	-3.379884e-05	1.063511e+00	9.999994e-01	2.999999e-05
3.000001e-05	2.999999e-05	3.382417e+06	-1.740365e+11	-3.000000e-06	-3.647935e-05	1.059158e+00	9.999994e-01	2.999999e-05
3.000001e-05	2.999999e-05	3.382416e+06	-1.731793e+11	-3.000000e-06	-3.910597e-05	1.054597e+00	9.999994e-01	2.999999e-05
3.000002e-05	3.000000e-05	3.382416e+06	-1.724925e+11	-3.000000e-06	-4.173145e-05	1.049895e+00	9.999994e-01	3.000000e-05
3.000002e-05	3.000000e-05	3.382415e+06	-1.719025e+11	-3.000000e-06	-4.438643e-05	1.045141e+00	9.999994e-01	3.000000e-05
3.000003e-05	3.000001e-05	3.382413e+06	-1.714164e+11	-3.000000e-06	-4.709674e-05	1.040428e+00	9.999994e-01	3.000001e-05
3.000004e-05	3.000002e-05	3.382412e+06	-1.710104e+11	-3.000001e-06	-4.988019e-05	1.035850e+00	9.999994e-01	3.000002e-05
3.000005e-05	3.000003e-05	3.382410e+06	-1.706749e+11	-3.000001e-06	-5.275142e-05	1.031490e+00	9.999994e-01	3.000003e-05
3.000006e-05	3.000004e-05	3.382407e+06	-1.703976e+11	-3.000001e-06	-5.572231e-05	1.027416e+00	9.999994e-01	3.000004e-05
3.000008e-05	3.000006e-05	3.382404e+06	-1.701691e+11	-3.000001e-06	-5.880303e-05	1.023678e+00	9.999994e-01	3.000006e-05
3.000010e-05	3.000008e-05	3.382401e+06	-1.699812e+11	-3.000002e-06	-6.200242e-05	1.020304e+00	9.999994e-01	3.000008e-05
3.000013e-05	3.000011e-05	3.382396e+06	-1.698268e+11	-3.000002e-06	-6.532841e-05	1.017303e+00	9.999994e-01	3.000011e-05
3.000017e-05	3.000015e-05	3.382390e+06	-1.696999e+11	-3.000003e-06	-6.878826e-05	1.014667e+00	9.999994e-01	3.000015e-05
3.000021e-05	3.000019e-05	3.382382e+06	-1.695958e+11	-3.000004e-06	-7.238878e-05	1.012379e+00	9.999994e-01	3.000019e-05
3.000027e-05	3.000025e-05	3.382372e+06	-1.695102e+11	-3.000006e-06	-7.613643e-05	1.010410e+00	9.999994e-01	3.000025e-05
3.000034e-05	3.000033e-05	3.382360e+06	-1.694396e+11	-3.000007e-06	-8.003747e-05	1.008730e+00	9.999994e-01	3.000033e-05
3.000044e-05	3.000042e-05	3.382344e+06	-1.693814e+11	-3.000010e-06	-8.409803e-05	1.007305e+00	9.999994e-01	3.000042e-05
3.000055e-05	3.000053e-05	3.382324e+06	-1.693330e+11	-3.000013e-06	-8.832419e-05	1.006104e+00	9.999994e-01	3.000053e-05
3.000070e-05	3.000068e-05	3.382299e+06	-1.692927e+11	-3.000018e-06	-9.272201e-05	1.005094e+00	9.999994e-01	3.000068e-05
3.000089e-05	3.000087e-05	3.382268e+06	-1.692586e+11	-3.000023e-06	-9.729759e-05	1.004249e+00	9.999994e-01	3.000087e-05
3.000112e-05	3.000110e-05	3.382229e+06	-1.692295e+11	-3.000031e-06	-1.020571e-04	1.003543e+00	9.999994e-01	3.000110e-05
3.000141e-05	3.000139e-05	3.382179e+06	-1.692041e+11	-3.000041e-06	-1.070067e-04	1.002954e+00	9.999994e-01	3.000139e-05
3.000178e-05	3.000176e-05	3.382117e+06	-1.691814e+11	-3.000054e-06	-1.121528e-04	1.002464e+00	9.999994e-01	3.000176e-05
3.000224e-05	3.000222e-05	3.382040e+06	-1.691605e+11	-3.000072e-06	-1.175018e-04	1.002056e+00	9.999994e-01	3.000222e-05
3.000281e-05	3.000279e-05	3.381943e+06	-1.691405e+11	-3.000094e-06	-1.230604e-04	1.001716e+00	9.999994e-01	3.000279e-05
3.000352e-05	3.000351e-05	3.381822e+06	-1.691205e+11	-3.000124e-06	-1.288351e-04	1.001434e+00	9.999994e-01	3.000351e-05
3.000442e-05	3.000440e-05	3.381671e+06	-1.690998e+11	-3.000163e-06	-1.348330e-04	1.001199e+00	9.999994e-01	3.000440e-05
3.000552e-05	3.000551e-05	3.381483e+06	-1.690774e+11	-3.000213e-06	-1.410610e-04	1.001004e+00	9.999994e-01	3.000551e-05
3.000690e-05	3.000688e-05	3.381251e+06	-1.690524e+11	-3.000278e-06	-1.475264e-04	1.000841e+00	9.999994e-01	3.000688e-05
3.000861e-05	3.000859e-05	3.380962e+06	-1.690237e+11	-3.000363e-06	-1.542366e-04	1.000705e+00	9.999994e-01	3.000859e-05
3.001072e-05	3.001071e-05	3.380605e+06	-1.689901e+11	-3.000472e-06	-1.611991e-04	1.000592e+00	9.999994e-01	3.001071e-05
3.001334e-05	3.001332e-05	3.380163e+06	-1.689501e+11	-3.000614e-06	-1.684219e-04	1.000498e+00	9.999994e-01	3.001332e-05
3.001656e-05	3.001654e-05	3.379618e+06	-1.689020e+11	-3.000796e-06	-1.759129e-04	1.000419e+00	9.999994e-01	3.001654e-05
3.002054e-05	3.002052e-05	3.378947e+06	-1.688438e+11	-3.001031e-06	-1.836806e-04	1.000353e+00	9.999994e-01	3.002052e-05
3.002543e-05	3.002541e-05	3.378121e+06	-1.687732e+11	-3.001333e-06	-1.917336e-04	1.000297e+00	9.999994e-01	3.002541e-05
3.003144e-05	3.003142e-05	3.377107e+06	-1.686872e+11	-3.001720e-06	-2.000807e-04	1.000251e+00	9.999994e-01	3.003142e-05
3.003881e-05	3.003880e-05	3.375863e+06	-1.685824e+11	-3.002215e-06	-2.087314e-04	1.000212e+00	9.999994e-01	3.003880e-05
3.004785e-05	3.004783e-05	3.374341e+06	-1.684546e+11	-3.002848e-06	-2.176952e-04	1.000180e+00	9.999994e-01	3.004783e-05
3.005890e-05	3.005888e-05	3.372481e+06	-1.682989e+11	-3.003654e-06	-2.269824e-04	1.000152e+00	9.999994e-01	3.005888e-05
3.007239e-05	3.007238e-05	3.370210e+06	-1.681093e+11	-3.004682e-06	-2.366038e-04	1.000129e+00	9.999994e-01	3.007238e-05
3.008885e-05	3.008884e-05	3.367445e+06	-1.678789e+11	-3.005987e-06	-2.465705e-04	1.000110e+00	9.999994e-01	3.008884e-05
3.010890e-05	3.010888e-05	3.364083e+06	-1.675991e+11	-3.007643e-06	-2.568947e-04	1.000094e+00	9.999994e-01	3.010889e-05
3.013327e-05	3.013325e-05	3.360002e+06	-1.672599e+11	-3.009739e-06	-2.675891e-04	1.000080e+00	9.999994e-01	3.013327e-05
3.016286e-05	3.016284e-05	3.355059e+06	-1.668496e+11	-3.012389e-06	-2.786677e-04	1.000068e+00	9.999994e-01	3.016286e-05
3.019873e-05	3.019871e-05	3.349084e+06	-1.663543e+11	-3.015731e-06	-2.901454e-04	1.000058e+00	9.999994e-01	3.019873e-05
3.024213e-05	3.024211e-05	3.341876e+06	-1.657578e+11	-3.019940e-06	-3.020386e-04	1.000050e+00	9.999994e-01	3.024214e-05
3.029457e-05	3.029455e-05	3.333204e+06	-1.650413e+11	-3.025227e-06	-3.143650e-04	1.000043e+00	9.999994e-01	3.029458e-05
3.035780e-05	3.035778e-05	3.322794e+06	-1.641829e+11	-3.031858e-06	-3.271445e-04	1.000037e+00	9.999994e-01	3.035782e-05
3.043392e-05	3.043390e-05	3.310336e+06	-1.631581e+11	-3.040153e-06	-3.403987e-04	1.000032e+00	9.999994e-01	3.043395e-05
3.052537e-05	3.052535e-05	3.295471e+06	-1.619387e+11	-3.050508e-06	-3.541520e-04	1.000027e+00	9.999994e-01	3.052540e-05
3.063500e-05	3.063498e-05	3.277797e+06	-1.604937e+11	-3.063402e-06	-3.684312e-04	1.000024e+00	9.999994e-01	3.063505e-05
3.076614e-05	3.076612e-05	3.256863e+06	-1.587889e+11	-3.079413e-06	-3.832667e-04	1.000021e+00	9.999994e-01	3.076619e-05
3.092260e-05	3.092258e-05	3.232175e+06	-1.567878e+11	-3.099240e-06	-3.986920e-04	1.000018e+00	9.999994e-01	3.092267e-05
3.110878e-05	3.110876e-05	3.203203e+06	-1.544524e+11	-3.123715e-06	-4.147449e-04	1.000016e+00	9.999994e-01	3.110887e-05
3.132967e-05	3.132965e-05	3.169386e+06	-1.517443e+11	-3.153823e-06	-4.314674e-04	1.000014e+00	9.999994e-01	3.132978e-05
3.159091e-05	3.159089e-05	3.130154e+06	-1.486266e+11	-3.190726e-06	-4.489070e-04	1.000012e+00	9.999994e-01	3.159105e-05
3.189881e-05	3.189879e-05	3.084942e+06	-1.450659e+11	-3.235777e-06	-4.671169e-04	1.000011e+00	9.999994e-01	3.189898e-05
3.226041e-05	3.226039e-05	3.033220e+06	-1.410349e+11	-3.290548e-06	-4.861582e-04	1.000010e+00	9.999993e-01	3.226061e-05
3.268353e-05	3.268351e-05	2.974510e+06	-1.365146e+11	-3.356852e-06	-5.061020e-04	1.000009e+00	9.999993e-01	3.268376e-05
3.317688e-05	3.317685e-05	2.908409e+06	-1.314961e+11	-3.436784e-06	-5.270337e-04	1.000008e+00	9.999993e-01	3.317716e-05
3.375035e-05	3.375032e-05	2.834598e+06	-1.259812e+11	-3.532783e-06	-5.490594e-04	1.000007e+00	9.999993e-01	3.375068e-05
3.441546e-05	3.441544e-05	2.752824e+06	-1.199824e+11	-3.647749e-06	-5.723178e-04	1.000006e+00	9.999993e-01	3.441585e-05
3.518633e-05	3.518630e-05	2.662857e+06	-1.135185e+11	-3.785248e-06	-5.969988e-04	1.000006e+00	9.999992e-01	3.518678e-05
3.608150e-05	3.608148e-05	2.564376e+06	-1.066081e+11	-3.949929e-06	-6.233799e-04	1.000006e+00	9.999992e-01	3.608203e-05
3.712797e-05	3.712794e-05	2.456727e+06	-9.925420e+10	-4.148418e-06	-6.519028e-04	1.000005e+00	9.999992e-01	3.712858e-05
3.837157e-05	3.837153e-05	2.338269e+06	-9.140680e+10	-4.391618e-06	-6.833734e-04	1.000005e+00	9.999991e-01	3.837227e-05
3.991547e-05	3.991543e-05	2.203925e+06	-8.282344e+10	-4.703188e-06	-7.197178e-04	1.000005e+00	9.999991e-01	3.991628e-05
4.188624e-05	4.188620e-05	2.050225e+06	-7.342065e+10	-5.114329e-06	-7.628958e-04	1.000005e+00	9.999990e-01	4.188719e-05
4.385702e-05	4.385697e-05	1.913595e+06	-6.544875e+10	-5.538531e-06	-8.033809e-04	1.000004e+00	9.999989e-01	4.385810e-05
4.576632e-05	4.576626e-05	1.795104e+06	-5.883494e+10	-5.960436e-06	-8.406490e-04	1.000004e+00	9.999988e-01	4.576752e-05
4.769468e-05	4.769462e-05	1.687344e+06	-5.306715e+10	-6.396315e-06	-8.767312e-04	1.000004e+00	9.999987e-01	4.769600e-05
4.967321e-05	4.967314e-05	1.587542e+06	-4.793970e+10	-6.852771e-06	-9.124144e-04	1.000004e+00	9.999986e-01	4.967465e-05
5.171653e-05	5.171645e-05	1.494392e+06	-4.334385e+10	-7.333146e-06	-9.480730e-04	1.000004e+00	9.999985e-01	5.171810e-05
5.383380e-05	5.383372e-05	1.407103e+06	-3.920698e+10	-7.839746e-06	-9.839326e-04	1.000004e+00	9.999984e-01	5.383550e-05
5.603179e-05	5.603170e-05	1.325125e+06	-3.547439e+10	-8.374452e-06	-1.020147e-03	1.000005e+00	9.999983e-01	5.603362e-05
5.831607e-05	5.831597e-05	1.248033e+06	-3.210190e+10	-8.938961e-06	-1.056831e-03	1.000005e+00	9.999982e-01	5.831803e-05
6.069162e-05	6.069151e-05	1.175480e+06	-2.905224e+10	-9.534898e-06	-1.094076e-03	1.000005e+00	9.999981e-01	6.069371e-05
6.316311e-05	6.316298e-05	1.107167e+06	-2.629316e+10	-1.016387e-05	-1.131956e-03	1.000005e+00	9.999980e-01	6.316533e-05
6.573506e-05	6.573492e-05	1.042829e+06	-2.379628e+10	-1.082752e-05	-1.170536e-03	1.000005e+00	9.999978e-01	6.573741e-05
6.841194e-05	6.841178e-05	9.822242e+05	-2.153635e+10	-1.152750e-05	-1.209875e-03	1.000005e+00	9.999977e-01	6.841443e-05
7.119826e-05	7.119809e-05	9.251335e+05	-1.949075e+10	-1.226555e-05	-1.250024e-03	1.000005e+00	9.999975e-01	7.120090e-05
7.409860e-05	7.409841e-05	8.713517e+05	-1.763913e+10	-1.304347e-05	-1.291032e-03	1.000005e+00	9.999974e-01	7.410138e-05
7.711763e-05	7.711741e-05	8.206877e+05	-1.596313e+10	-1.386311e-05	-1.332946e-03	1.000006e+00	9.999972e-01	7.712056e-05
8.026015e-05	8.025991e-05	7.729626e+05	-1.444616e+10	-1.472642e-05	-1.375808e-03	1.000006e+00	9.999971e-01	8.026324e-05
8.353111e-05	8.353085e-05	7.280078e+05	-1.307320e+10	-1.563546e-05	-1.419663e-03	1.000006e+00	9.999969e-01	8.353437e-05
8.693562e-05	8.693533e-05	6.856647e+05	-1.183065e+10	-1.659233e-05	-1.464550e-03	1.000006e+00	9.999967e-01	8.693905e-05
9.047895e-05	9.047863e-05	6.457836e+05	-1.070617e+10	-1.759928e-05	-1.510511e-03	1.000006e+00	9.999965e-01	9.048257e-05
9.416657e-05	9.416622e-05	6.082235e+05	-9.688607e+09	-1.865863e-05	-1.557586e-03	1.000007e+00	9.999963e-01	9.417038e-05
9.800414e-05	9.800375e-05	5.728510e+05	-8.767836e+09	-1.977282e-05	-1.605816e-03	1.000007e+00	9.999960e-01	9.800814e-05
1.019975e-04	1.019971e-04	5.395403e+05	-7.934684e+09	-2.094440e-05	-1.655239e-03	1.000007e+00	9.999958e-01	1.020017e-04
1.061528e-04	1.061523e-04	5.081725e+05	-7.180841e+09	-2.217606e-05	-1.705897e-03	1.000007e+00	9.999956e-01	1.061572e-04
1.104763e-04	1.104758e-04	4.786353e+05	-6.498777e+09	-2.347058e-05	-1.757830e-03	1.000008e+00	9.999953e-01	1.104809e-04
1.149745e-04	1.149739e-04	4.508229e+05	-5.881671e+09	-2.483091e-05	-1.811078e-03	1.000008e+00	9.999950e-01	1.149794e-04
1.196542e-04	1.196536e-04	4.246353e+05	-5.323344e+09	-2.626009e-05	-1.865683e-03	1.000008e+00	9.999947e-01	1.196593e-04
1.245225e-04	1.245219e-04	3.999781e+05	-4.818202e+09	-2.776135e-05	-1.921687e-03	1.000009e+00	9.999944e-01	1.245279e-04
1.295867e-04	1.295860e-04	3.767622e+05	-4.361179e+09	-2.933804e-05	-1.979130e-03	1.000009e+00	9.999941e-01	1.295923e-04
1.348544e-04	1.348535e-04	3.549037e+05	-3.947689e+09	-3.099368e-05	-2.038058e-03	1.000010e+00	9.999938e-01	1.348603e-04
1.403333e-04	1.403324e-04	3.343234e+05	-3.573582e+09	-3.273194e-05	-2.098513e-03	1.000010e+00	9.999935e-01	1.403395e-04
1.460318e-04	1.460308e-04	3.149466e+05	-3.235101e+09	-3.455667e-05	-2.160539e-03	1.000010e+00	9.999931e-01	1.460382e-04
1.519582e-04	1.519571e-04	2.967030e+05	-2.928846e+09	-3.647190e-05	-2.224182e-03	1.000011e+00	9.999927e-01	1.519649e-04
1.581213e-04	1.581201e-04	2.795262e+05	-2.651741e+09	-3.848185e-05	-2.289488e-03	1.000011e+00	9.999923e-01	1.581283e-04
1.645303e-04	1.645289e-04	2.633536e+05	-2.401005e+09	-4.059092e-05	-2.356504e-03	1.000012e+00	9.999919e-01	1.645376e-04
1.711945e-04	1.711931e-04	2.481264e+05	-2.174118e+09	-4.280371e-05	-2.425277e-03	1.000012e+00	9.999914e-01	1.712022e-04
1.781239e-04	1.781223e-04	2.337892e+05	-1.968804e+09	-4.512506e-05	-2.495858e-03	1.000013e+00	9.999910e-01	1.781320e-04
1.853286e-04	1.853269e-04	2.202896e+05	-1.783004e+09	-4.756000e-05	-2.568295e-03	1.000013e+00	9.999905e-01	1.853371e-04
1.928192e-04	1.928173e-04	2.075785e+05	-1.614855e+09	-5.011382e-05	-2.642641e-03	1.000014e+00	9.999900e-01	1.928280e-04
2.006066e-04	2.006045e-04	1.956095e+05	-1.462671e+09	-5.279203e-05	-2.718947e-03	1.000015e+00	9.999894e-01	2.006158e-04
2.087022e-04	2.086999e-04	1.843390e+05	-1.324930e+09	-5.560039e-05	-2.797267e-03	1.000015e+00	9.999889e-01	2.087118e-04
2.171178e-04	2.171152e-04	1.737259e+05	-1.200252e+09	-5.854495e-05	-2.877655e-03	1.000016e+00	9.999883e-01	2.171278e-04
2.258655e-04	2.258628e-04	1.637316e+05	-1.087393e+09	-6.163201e-05	-2.960167e-03	1.000017e+00	9.999877e-01	2.258761e-04
2.349582e-04	2.349552e-04	1.543197e+05	-9.852248e+08	-6.486818e-05	-3.044861e-03	1.000018e+00	9.999870e-01	2.349692e-04
2.444090e-04	2.444057e-04	1.454560e+05	-8.927290e+08	-6.826033e-05	-3.131795e-03	1.000018e+00	9.999863e-01	2.444205e-04
2.542315e-04	2.542278e-04	1.371081e+05	-8.089841e+08	-7.181570e-05	-3.221029e-03	1.000019e+00	9.999856e-01	2.542434e-04
2.644399e-04	2.644359e-04	1.292459e+05	-7.331566e+08	-7.554181e-05	-3.312623e-03	1.000020e+00	9.999849e-01	2.644523e-04
2.750488e-04	2.750444e-04	1.218407e+05	-6.644930e+08	-7.944655e-05	-3.406642e-03	1.000021e+00	9.999841e-01	2.750618e-04
2.860735e-04	2.860688e-04	1.148657e+05	-6.023118e+08	-8.353815e-05	-3.503148e-03	1.000022e+00	9.999833e-01	2.860871e-04
2.975299e-04	2.975247e-04	1.082957e+05	-5.459966e+08	-8.782524e-05	-3.602209e-03	1.000023e+00	9.999824e-01	2.975440e-04
3.094342e-04	3.094285e-04	1.021067e+05	-4.949901e+08	-9.231680e-05	-3.703890e-03	1.000024e+00	9.999815e-01	3.094490e-04
3.218035e-04	3.217972e-04	9.627659e+04	-4.487882e+08	-9.702225e-05	-3.808261e-03	1.000025e+00	9.999806e-01	3.218190e-04
3.346553e-04	3.346485e-04	9.078416e+04	-4.069348e+08	-1.019514e-04	-3.915393e-03	1.000026e+00	9.999796e-01	3.346715e-04
3.480080e-04	3.480005e-04	8.560965e+04	-3.690175e+08	-1.071146e-04	-4.025358e-03	1.000028e+00	9.999786e-01	3.480250e-04
3.618805e-04	3.618723e-04	8.073441e+04	-3.346634e+08	-1.125225e-04	-4.138229e-03	1.000029e+00	9.999775e-01	3.618983e-04
3.762924e-04	3.762835e-04	7.614093e+04	-3.035349e+08	-1.181864e-04	-4.254083e-03	1.000030e+00	9.999764e-01	3.763111e-04
3.912641e-04	3.912544e-04	7.181269e+04	-2.753267e+08	-1.241179e-04	-4.372997e-03	1.000032e+00	9.999752e-01	3.912837e-04
4.068167e-04	4.068061e-04	6.773419e+04	-2.497627e+08	-1.303294e-04	-4.495050e-03	1.000033e+00	9.999739e-01	4.068373e-04
4.229721e-04	4.229605e-04	6.389081e+04	-2.265930e+08	-1.368337e-04	-4.620325e-03	1.000035e+00	9.999726e-01	4.229937e-04
4.397530e-04	4.397403e-04	6.026881e+04	-2.055914e+08	-1.436441e-04	-4.748904e-03	1.000036e+00	9.999713e-01	4.397757e-04
4.571829e-04	4.571691e-04	5.685527e+04	-1.865535e+08	-1.507746e-04	-4.880873e-03	1.000038e+00	9.999698e-01	4.572068e-04
4.752862e-04	4.752711e-04	5.363802e+04	-1.692941e+08	-1.582398e-04	-5.016319e-03	1.000040e+00	9.999684e-01	4.753114e-04
4.940882e-04	4.940718e-04	5.060560e+04	-1.536456e+08	-1.660550e-04	-5.155331e-03	1.000042e+00	9.999668e-01	4.941148e-04
5.136151e-04	5.135972e-04	4.774726e+04	-1.394564e+08	-1.742360e-04	-5.298003e-03	1.000044e+00	9.999652e-01	5.136431e-04
5.338941e-04	5.338745e-04	4.505285e+04	-1.265892e+08	-1.827997e-04	-5.444427e-03	1.000046e+00	9.999634e-01	5.339237e-04
5.549533e-04	5.549320e-04	4.251284e+04	-1.149198e+08	-1.917633e-04	-5.594699e-03	1.000048e+00	9.999616e-01	5.549845e-04
5.768220e-04	5.767988e-04	4.011824e+04	-1.043358e+08	-2.011450e-04	-5.748919e-03	1.000050e+00	9.999598e-01	5.768549e-04
5.995303e-04	5.995050e-04	3.786061e+04	-9.473529e+07	-2.109639e-04	-5.907188e-03	1.000053e+00	9.999578e-01	5.995652e-04
6.231098e-04	6.230822e-04	3.573199e+04	-8.602610e+07	-2.212396e-04	-6.069608e-03	1.000055e+00	9.999558e-01	6.231466e-04
6.475928e-04	6.475627e-04	3.372491e+04	-7.812475e+07	-2.319930e-04	-6.236286e-03	1.000058e+00	9.999536e-01	6.476318e-04
6.730131e-04	6.729803e-04	3.183233e+04	-7.095566e+07	-2.432457e-04	-6.407330e-03	1.000060e+00	9.999514e-01	6.730544e-04
6.994055e-04	6.993699e-04	3.004760e+04	-6.445036e+07	-2.550201e-04	-6.582852e-03	1.000063e+00	9.999490e-01	6.994493e-04
7.268064e-04	7.267675e-04	2.836449e+04	-5.854684e+07	-2.673400e-04	-6.762965e-03	1.000066e+00	9.999465e-01	7.268528e-04
7.552531e-04	7.552108e-04	2.677713e+04	-5.318895e+07	-2.802299e-04	-6.947786e-03	1.000069e+00	9.999440e-01	7.553023e-04
7.847846e-04	7.847385e-04	2.527998e+04	-4.832580e+07	-2.937156e-04	-7.137434e-03	1.000072e+00	9.999413e-01	7.848367e-04
8.154412e-04	8.153910e-04	2.386785e+04	-4.391130e+07	-3.078239e-04	-7.332031e-03	1.000076e+00	9.999384e-01	8.154963e-04
8.472645e-04	8.472098e-04	2.253582e+04	-3.990370e+07	-3.225828e-04	-7.531704e-03	1.000079e+00	9.999355e-01	8.473230e-04
8.802978e-04	8.802383e-04	2.127928e+04	-3.626515e+07	-3.380217e-04	-7.736579e-03	1.000083e+00	9.999324e-01	8.803599e-04
9.145860e-04	9.145213e-04	2.009390e+04	-3.296137e+07	-3.541711e-04	-7.946789e-03	1.000087e+00	9.999292e-01	9.146519e-04
9.501755e-04	9.501050e-04	1.897558e+04	-2.996127e+07	-3.710628e-04	-8.162468e-03	1.000091e+00	9.999258e-01	9.502455e-04
9.871145e-04	9.870377e-04	1.792046e+04	-2.723669e+07	-3.887304e-04	-8.383754e-03	1.000095e+00	9.999223e-01	9.871887e-04
1.025453e-03	1.025369e-03	1.692491e+04	-2.476211e+07	-4.072084e-04	-8.610789e-03	1.000100e+00	9.999186e-01	1.025531e-03
1.065242e-03	1.065151e-03	1.598553e+04	-2.251437e+07	-4.265333e-04	-8.843716e-03	1.000104e+00	9.999147e-01	1.065325e-03
1.106535e-03	1.106437e-03	1.509910e+04	-2.047249e+07	-4.467429e-04	-9.082683e-03	1.000109e+00	9.999107e-01	1.106624e-03
1.149389e-03	1.149281e-03	1.426258e+04	-1.861746e+07	-4.678769e-04	-9.327843e-03	1.000114e+00	9.999064e-01	1.149483e-03
1.193860e-03	1.193743e-03	1.347311e+04	-1.693202e+07	-4.899765e-04	-9.579351e-03	1.000120e+00	9.999020e-01	1.193960e-03
1.240008e-03	1.239881e-03	1.272802e+04	-1.540052e+07	-5.130848e-04	-9.837365e-03	1.000125e+00	9.998974e-01	1.240115e-03
1.287894e-03	1.287756e-03	1.202476e+04	-1.400878e+07	-5.372470e-04	-1.010205e-02	1.000131e+00	9.998926e-01	1.288008e-03
1.337583e-03	1.337433e-03	1.136096e+04	-1.274394e+07	-5.625099e-04	-1.037357e-02	1.000137e+00	9.998875e-01	1.337705e-03
1.389141e-03	1.388977e-03	1.073436e+04	-1.159431e+07	-5.889226e-04	-1.065209e-02	1.000143e+00	9.998822e-01	1.389270e-03
1.442636e-03	1.442458e-03	1.014285e+04	-1.054931e+07	-6.165363e-04	-1.093780e-02	1.000150e+00	9.998767e-01	1.442773e-03
1.498139e-03	1.497946e-03	9.584426e+03	-9.599329e+06	-6.454044e-04	-1.123087e-02	1.000157e+00	9.998709e-01	1.498285e-03
1.555724e-03	1.555514e-03	9.057215e+03	-8.735653e+06	-6.755826e-04	-1.153148e-02	1.000164e+00	9.998649e-01	1.555880e-03
1.615468e-03	1.615239e-03	8.559444e+03	-7.950369e+06	-7.071292e-04	-1.183983e-02	1.000172e+00	9.998586e-01	1.615633e-03
1.677448e-03	1.677200e-03	8.089442e+03	-7.236299e+06	-7.401047e-04	-1.215610e-02	1.000180e+00	9.998520e-01	1.677624e-03
1.741747e-03	1.741477e-03	7.645637e+03	-6.586928e+06	-7.745727e-04	-1.248049e-02	1.000188e+00	9.998451e-01	1.741935e-03
1.808450e-03	1.808157e-03	7.226546e+03	-5.996340e+06	-8.105991e-04	-1.281320e-02	1.000197e+00	9.998379e-01	1.808649e-03
1.877644e-03	1.877325e-03	6.830771e+03	-5.459167e+06	-8.482530e-04	-1.315444e-02	1.000206e+00	9.998304e-01	1.877857e-03
1.949420e-03	1.949074e-03	6.456995e+03	-4.970535e+06	-8.876064e-04	-1.350442e-02	1.000215e+00	9.998225e-01	1.949647e-03
2.023873e-03	2.023497e-03	6.103976e+03	-4.526020e+06	-9.287343e-04	-1.386335e-02	1.000225e+00	9.998143e-01	2.024115e-03
2.101099e-03	2.100691e-03	5.770543e+03	-4.121602e+06	-9.717151e-04	-1.423146e-02	1.000235e+00	9.998057e-01	2.101357e-03
2.181201e-03	2.180757e-03	5.455594e+03	-3.753633e+06	-1.016631e-03	-1.460898e-02	1.000246e+00	9.997967e-01	2.181476e-03
2.264282e-03	2.263800e-03	5.158087e+03	-3.418799e+06	-1.063566e-03	-1.499613e-02	1.000257e+00	9.997873e-01	2.264576e-03
2.350450e-03	2.349927e-03	4.877042e+03	-3.114090e+06	-1.112611e-03	-1.539315e-02	1.000269e+00	9.997775e-01	2.350764e-03
2.439819e-03	2.439251e-03	4.611534e+03	-2.836771e+06	-1.163857e-03	-1.580030e-02	1.000281e+00	9.997673e-01	2.440154e-03
2.532504e-03	2.531888e-03	4.360690e+03	-2.584360e+06	-1.217402e-03	-1.621780e-02	1.000294e+00	9.997565e-01	2.532863e-03
2.628626e-03	2.627957e-03	4.123689e+03	-2.354598e+06	-1.273347e-03	-1.664593e-02	1.000308e+00	9.997454e-01	2.629009e-03
2.728309e-03	2.727583e-03	3.899755e+03	-2.145437e+06	-1.331798e-03	-1.708493e-02	1.000322e+00	9.997337e-01	2.728719e-03
2.831683e-03	2.830894e-03	3.688157e+03	-1.955014e+06	-1.392863e-03	-1.753509e-02	1.000336e+00	9.997215e-01	2.832122e-03
2.938881e-03	2.938025e-03	3.488203e+03	-1.781634e+06	-1.456658e-03	-1.799666e-02	1.000351e+00	9.997087e-01	2.939350e-03
3.050041e-03	3.049112e-03	3.299245e+03	-1.623759e+06	-1.523303e-03	-1.846993e-02	1.000367e+00	9.996954e-01	3.050544e-03
3.165307e-03	3.164299e-03	3.120668e+03	-1.479991e+06	-1.592923e-03	-1.895519e-02	1.000384e+00	9.996815e-01	3.165846e-03
3.284828e-03	3.283734e-03	2.951893e+03	-1.349058e+06	-1.665647e-03	-1.945273e-02	1.000402e+00	9.996669e-01	3.285406e-03
3.408757e-03	3.407570e-03	2.792374e+03	-1.229805e+06	-1.741611e-03	-1.996285e-02	1.000420e+00	9.996517e-01	3.409377e-03
3.537254e-03	3.535966e-03	2.641595e+03	-1.121181e+06	-1.820957e-03	-2.048586e-02	1.000439e+00	9.996359e-01	3.537919e-03
3.670483e-03	3.669086e-03	2.499072e+03	-1.022230e+06	-1.903834e-03	-2.102206e-02	1.000459e+00	9.996193e-01	3.671198e-03
3.808616e-03	3.807100e-03	2.364344e+03	-9.320841e+05	-1.990394e-03	-2.157178e-02	1.000479e+00	9.996020e-01	3.809384e-03
3.951829e-03	3.950185e-03	2.236979e+03	-8.499524e+05	-2.080799e-03	-2.213536e-02	1.000501e+00	9.995839e-01	3.952655e-03
4.100306e-03	4.098522e-03	2.116569e+03	-7.751167e+05	-2.175216e-03	-2.271311e-02	1.000524e+00	9.995651e-01	4.101194e-03
4.254235e-03	4.252301e-03	2.002728e+03	-7.069233e+05	-2.273820e-03	-2.330540e-02	1.000547e+00	9.995453e-01	4.255191e-03
4.413815e-03	4.411717e-03	1.895093e+03	-6.447778e+05	-2.376794e-03	-2.391257e-02	1.000572e+00	9.995248e-01	4.414843e-03
4.579247e-03	4.576973e-03	1.793320e+03	-5.881392e+05	-2.484327e-03	-2.453498e-02	1.000598e+00	9.995033e-01	4.580355e-03
4.750744e-03	4.748277e-03	1.697086e+03	-5.365156e+05	-2.596618e-03	-2.517300e-02	1.000625e+00	9.994808e-01	4.751936e-03
4.928522e-03	4.925848e-03	1.606084e+03	-4.894592e+05	-2.713874e-03	-2.582701e-02	1.000653e+00	9.994574e-01	4.929806e-03
5.112809e-03	5.109909e-03	1.520025e+03	-4.465625e+05	-2.836310e-03	-2.649739e-02	1.000682e+00	9.994329e-01	5.114192e-03
5.303838e-03	5.300694e-03	1.438638e+03	-4.074549e+05	-2.964150e-03	-2.718454e-02	1.000713e+00	9.994073e-01	5.305327e-03
5.501851e-03	5.498443e-03	1.361665e+03	-3.717988e+05	-3.097631e-03	-2.788886e-02	1.000745e+00	9.993807e-01	5.503456e-03
5.707099e-03	5.703406e-03	1.288863e+03	-3.392872e+05	-3.236995e-03	-2.861076e-02	1.000778e+00	9.993528e-01	5.708829e-03
5.919843e-03	5.915840e-03	1.220003e+03	-3.096405e+05	-3.382499e-03	-2.935067e-02	1.000813e+00	9.993237e-01	5.921707e-03
6.140351e-03	6.136012e-03	1.154868e+03	-2.826041e+05	-3.534408e-03	-3.010901e-02	1.000850e+00	9.992934e-01	6.142361e-03
6.368903e-03	6.364201e-03	1.093254e+03	-2.579464e+05	-3.692998e-03	-3.088623e-02	1.000888e+00	9.992617e-01	6.371070e-03
6.605787e-03	6.600691e-03	1.034968e+03	-2.354565e+05	-3.858561e-03	-3.168279e-02	1.000927e+00	9.992286e-01	6.608125e-03
6.851302e-03	6.845780e-03	9.798280e+02	-2.149421e+05	-4.031395e-03	-3.249913e-02	1.000969e+00	9.991940e-01	6.853825e-03
7.105758e-03	7.099775e-03	9.276609e+02	-1.962284e+05	-4.211817e-03	-3.333574e-02	1.001012e+00	9.991580e-01	7.108481e-03
7.369476e-03	7.362993e-03	8.783045e+02	-1.791561e+05	-4.400154e-03	-3.419310e-02	1.001057e+00	9.991204e-01	7.372416e-03
7.642787e-03	7.635764e-03	8.316053e+02	-1.635800e+05	-4.596747e-03	-3.507169e-02	1.001104e+00	9.990811e-01	7.645962e-03
7.926037e-03	7.918429e-03	7.874181e+02	-1.493681e+05	-4.801953e-03	-3.597203e-02	1.001153e+00	9.990401e-01	7.929466e-03
8.219581e-03	8.211339e-03	7.456061e+02	-1.363998e+05	-5.016143e-03	-3.689463e-02	1.001205e+00	9.989973e-01	8.223286e-03
8.523790e-03	8.514862e-03	7.060396e+02	-1.245655e+05	-5.239705e-03	-3.784002e-02	1.001258e+00	9.989526e-01	8.527791e-03
8.839044e-03	8.829374e-03	6.685965e+02	-1.137653e+05	-5.473042e-03	-3.880873e-02	1.001314e+00	9.989060e-01	8.843368e-03
9.165741e-03	9.155268e-03	6.331612e+02	-1.039081e+05	-5.716576e-03	-3.980131e-02	1.001372e+00	9.988573e-01	9.170413e-03
9.504292e-03	9.492949e-03	5.996246e+02	-9.491098e+04	-5.970746e-03	-4.081834e-02	1.001433e+00	9.988066e-01	9.509339e-03
9.855120e-03	9.842836e-03	5.678835e+02	-8.669827e+04	-6.236010e-03	-4.186038e-02	1.001497e+00	9.987536e-01	9.860575e-03
1.021867e-02	1.020537e-02	5.378404e+02	-7.920109e+04	-6.512844e-03	-4.292801e-02	1.001563e+00	9.986983e-01	1.022456e-02
1.059539e-02	1.058099e-02	5.094034e+02	-7.235662e+04	-6.801747e-03	-4.402185e-02	1.001632e+00	9.986406e-01	1.060176e-02
1.098576e-02	1.097017e-02	4.824853e+02	-6.610760e+04	-7.103238e-03	-4.514250e-02	1.001704e+00	9.985804e-01	1.099265e-02
1.139027e-02	1.137338e-02	4.570040e+02	-6.040186e+04	-7.417857e-03	-4.629059e-02	1.001779e+00	9.985175e-01	1.139772e-02
1.180942e-02	1.179114e-02	4.328817e+02	-5.519180e+04	-7.746170e-03	-4.746676e-02	1.001858e+00	9.984520e-01	1.181747e-02
1.224375e-02	1.222396e-02	4.100450e+02	-5.043405e+04	-8.088764e-03	-4.867165e-02	1.001940e+00	9.983836e-01	1.225245e-02
1.269380e-02	1.267237e-02	3.884245e+02	-4.608906e+04	-8.446252e-03	-4.990595e-02	1.002025e+00	9.983122e-01	1.270321e-02
1.316012e-02	1.313693e-02	3.679544e+02	-4.212075e+04	-8.819274e-03	-5.117031e-02	1.002114e+00	9.982377e-01	1.317030e-02
1.364332e-02	1.361821e-02	3.485729e+02	-3.849624e+04	-9.208498e-03	-5.246545e-02	1.002208e+00	9.981600e-01	1.365432e-02
1.414399e-02	1.411682e-02	3.302212e+02	-3.518553e+04	-9.614618e-03	-5.379207e-02	1.002305e+00	9.980789e-01	1.415589e-02
1.466276e-02	1.463336e-02	3.128440e+02	-3.216125e+04	-1.003836e-02	-5.515090e-02	1.002406e+00	9.979943e-01	1.467564e-02
1.520030e-02	1.516847e-02	2.963887e+02	-2.939846e+04	-1.048048e-02	-5.654266e-02	1.002511e+00	9.979061e-01	1.521422e-02
1.575726e-02	1.572282e-02	2.808059e+02	-2.687438e+04	-1.094177e-02	-5.796811e-02	1.002622e+00	9.978140e-01	1.577232e-02
1.633437e-02	1.629709e-02	2.660488e+02	-2.456824e+04	-1.142304e-02	-5.942803e-02	1.002737e+00	9.977180e-01	1.635066e-02
1.693233e-02	1.689199e-02	2.520729e+02	-2.246111e+04	-1.192516e-02	-6.092318e-02	1.002856e+00	9.976178e-01	1.694995e-02
1.755191e-02	1.750826e-02	2.388365e+02	-2.053568e+04	-1.244903e-02	-6.245438e-02	1.002981e+00	9.975133e-01	1.757097e-02
1.819389e-02	1.814666e-02	2.262998e+02	-1.877619e+04	-1.299556e-02	-6.402243e-02	1.003112e+00	9.974043e-01	1.821451e-02
1.885908e-02	1.880798e-02	2.144255e+02	-1.716824e+04	-1.356574e-02	-6.562816e-02	1.003248e+00	9.972905e-01	1.888139e-02
1.954833e-02	1.949304e-02	2.031782e+02	-1.569869e+04	-1.416059e-02	-6.727242e-02	1.003390e+00	9.971719e-01	1.957245e-02
2.026250e-02	2.020268e-02	1.925242e+02	-1.435556e+04	-1.478115e-02	-6.895606e-02	1.003538e+00	9.970481e-01	2.028860e-02
2.100250e-02	2.093779e-02	1.824319e+02	-1.312789e+04	-1.542853e-02	-7.067996e-02	1.003692e+00	9.969190e-01	2.103073e-02
2.176928e-02	2.169927e-02	1.728714e+02	-1.200570e+04	-1.610389e-02	-7.244501e-02	1.003853e+00	9.967844e-01	2.179982e-02
2.256380e-02	2.248808e-02	1.638143e+02	-1.097986e+04	-1.680842e-02	-7.425212e-02	1.004021e+00	9.966440e-01	2.259685e-02
2.338709e-02	2.330518e-02	1.552338e+02	-1.004206e+04	-1.754339e-02	-7.610221e-02	1.004196e+00	9.964975e-01	2.342285e-02
2.424020e-02	2.415159e-02	1.471044e+02	-9.184694e+03	-1.831009e-02	-7.799622e-02	1.004378e+00	9.963447e-01	2.427888e-02
2.512422e-02	2.502838e-02	1.394022e+02	-8.400817e+03	-1.910989e-02	-7.993510e-02	1.004568e+00	9.961853e-01	2.516607e-02
2.604028e-02	2.593661e-02	1.321045e+02	-7.684096e+03	-1.994421e-02	-8.191981e-02	1.004767e+00	9.960191e-01	2.608556e-02
2.698956e-02	2.687744e-02	1.251898e+02	-7.028743e+03	-2.081454e-02	-8.395134e-02	1.004974e+00	9.958457e-01	2.703856e-02
2.797330e-02	2.785203e-02	1.186377e+02	-6.429474e+03	-2.172243e-02	-8.603070e-02	1.005189e+00	9.956649e-01	2.802632e-02
2.899276e-02	2.886161e-02	1.124291e+02	-5.881460e+03	-2.266949e-02	-8.815888e-02	1.005414e+00	9.954764e-01	2.905013e-02
3.004927e-02	2.990743e-02	1.065456e+02	-5.380295e+03	-2.365742e-02	-9.033693e-02	1.005649e+00	9.952797e-01	3.011135e-02
3.114420e-02	3.099080e-02	1.009701e+02	-4.921951e+03	-2.468798e-02	-9.256587e-02	1.005893e+00	9.950746e-01	3.121138e-02
3.227899e-02	3.211310e-02	9.568637e+01	-4.502750e+03	-2.576300e-02	-9.484676e-02	1.006148e+00	9.948607e-01	3.235169e-02
3.345513e-02	3.327573e-02	9.067884e+01	-4.119332e+03	-2.688441e-02	-9.718066e-02	1.006414e+00	9.946375e-01	3.353380e-02
3.467417e-02	3.448016e-02	8.593297e+01	-3.768626e+03	-2.805422e-02	-9.956866e-02	1.006691e+00	9.944049e-01	3.475930e-02
3.593771e-02	3.572792e-02	8.143493e+01	-3.447827e+03	-2.927451e-02	-1.020118e-01	1.006980e+00	9.941622e-01	3.602984e-02
3.724745e-02	3.702058e-02	7.717164e+01	-3.154373e+03	-3.054748e-02	-1.045113e-01	1.007281e+00	9.939091e-01	3.734714e-02
3.860513e-02	3.835980e-02	7.313072e+01	-2.885921e+03	-3.187541e-02	-1.070681e-01	1.007594e+00	9.936452e-01	3.871301e-02
4.001258e-02	3.974729e-02	6.930044e+01	-2.640332e+03	-3.326070e-02	-1.096835e-01	1.007922e+00	9.933699e-01	4.012933e-02
4.147169e-02	4.118482e-02	6.566972e+01	-2.415649e+03	-3.470582e-02	-1.123584e-01	1.008262e+00	9.930829e-01	4.159803e-02
4.298445e-02	4.267425e-02	6.222804e+01	-2.210085e+03	-3.621340e-02	-1.150941e-01	1.008618e+00	9.927835e-01	4.312118e-02
4.455293e-02	4.421750e-02	5.896546e+01	-2.022007e+03	-3.778616e-02	-1.178917e-01	1.008988e+00	9.924713e-01	4.470090e-02
4.617928e-02	4.581657e-02	5.587257e+01	-1.849920e+03	-3.942694e-02	-1.207523e-01	1.009375e+00	9.921456e-01	4.633943e-02
4.786575e-02	4.747354e-02	5.294046e+01	-1.692459e+03	-4.113874e-02	-1.236770e-01	1.009777e+00	9.918060e-01	4.803908e-02
4.961471e-02	4.919060e-02	5.016067e+01	-1.548378e+03	-4.292465e-02	-1.266669e-01	1.010196e+00	9.914518e-01	4.980230e-02
5.142861e-02	5.096999e-02	4.752523e+01	-1.416534e+03	-4.478795e-02	-1.297232e-01	1.010634e+00	9.910824e-01	5.163163e-02
5.331003e-02	5.281409e-02	4.502655e+01	-1.295885e+03	-4.673205e-02	-1.328469e-01	1.011089e+00	9.906971e-01	5.352975e-02
5.526164e-02	5.472535e-02	4.265748e+01	-1.185477e+03	-4.876051e-02	-1.360392e-01	1.011564e+00	9.902953e-01	5.549945e-02
5.728629e-02	5.670633e-02	4.041122e+01	-1.084437e+03	-5.087708e-02	-1.393011e-01	1.012059e+00	9.898762e-01	5.754367e-02
5.938690e-02	5.875972e-02	3.828135e+01	-9.919700e+02	-5.308566e-02	-1.426336e-01	1.012574e+00	9.894390e-01	5.966548e-02
6.156659e-02	6.088832e-02	3.626178e+01	-9.073448e+02	-5.539037e-02	-1.460378e-01	1.013111e+00	9.889831e-01	6.186811e-02
6.382860e-02	6.309505e-02	3.434675e+01	-8.298952e+02	-5.779550e-02	-1.495147e-01	1.013671e+00	9.885075e-01	6.415496e-02
6.617633e-02	6.538297e-02	3.253078e+01	-7.590111e+02	-6.030554e-02	-1.530651e-01	1.014255e+00	9.880113e-01	6.652959e-02
6.861338e-02	6.775529e-02	3.080872e+01	-6.941348e+02	-6.292524e-02	-1.566900e-01	1.014862e+00	9.874938e-01	6.899575e-02
7.114351e-02	7.021537e-02	2.917565e+01	-6.347560e+02	-6.565954e-02	-1.603902e-01	1.015495e+00	9.869539e-01	7.155740e-02
7.377068e-02	7.276671e-02	2.762694e+01	-5.804080e+02	-6.851365e-02	-1.641664e-01	1.016155e+00	9.863907e-01	7.421870e-02
7.649908e-02	7.541303e-02	2.615819e+01	-5.306638e+02	-7.149303e-02	-1.680194e-01	1.016842e+00	9.858031e-01	7.698406e-02
7.933311e-02	7.815819e-02	2.476523e+01	-4.851330e+02	-7.460340e-02	-1.719496e-01	1.017558e+00	9.851901e-01	7.985812e-02
8.227743e-02	8.100628e-02	2.344411e+01	-4.434581e+02	-7.785082e-02	-1.759575e-01	1.018303e+00	9.845504e-01	8.284578e-02
8.533696e-02	8.396158e-02	2.219110e+01	-4.053124e+02	-8.124160e-02	-1.800435e-01	1.019080e+00	9.838830e-01	8.595225e-02
8.851690e-02	8.702862e-02	2.100266e+01	-3.703967e+02	-8.478242e-02	-1.842077e-01	1.019889e+00	9.831865e-01	8.918302e-02
9.182278e-02	9.021217e-02	1.987542e+01	-3.384373e+02	-8.848031e-02	-1.884501e-01	1.020731e+00	9.824596e-01	9.254393e-02
9.526045e-02	9.351727e-02	1.880620e+01	-3.091839e+02	-9.234264e-02	-1.927706e-01	1.021608e+00	9.817010e-01	9.604120e-02
9.883612e-02	9.694925e-02	1.779201e+01	-2.824073e+02	-9.637720e-02	-1.971687e-01	1.022521e+00	9.809091e-01	9.968142e-02
1.025564e-01	1.005137e-01	1.682997e+01	-2.578979e+02	-1.005922e-01	-2.016436e-01	1.023472e+00	9.800826e-01	1.034716e-01
1.064284e-01	1.042168e-01	1.591738e+01	-2.354638e+02	-1.049963e-01	-2.061945e-01	1.024462e+00	9.792197e-01	1.074193e-01
1.104595e-01	1.080646e-01	1.505169e+01	-2.149295e+02	-1.095986e-01	-2.108198e-01	1.025492e+00	9.783188e-01	1.115324e-01
1.146579e-01	1.120641e-01	1.423047e+01	-1.961342e+02	-1.144088e-01	-2.155177e-01	1.026564e+00	9.773780e-01	1.158196e-01
1.190320e-01	1.162224e-01	1.345142e+01	-1.789309e+02	-1.194370e-01	-2.202859e-01	1.027680e+00	9.763956e-01	1.202898e-01
1.235912e-01	1.205471e-01	1.271236e+01	-1.631851e+02	-1.246939e-01	-2.251215e-01	1.028840e+00	9.753696e-01	1.249531e-01
1.283452e-01	1.250465e-01	1.201125e+01	-1.487737e+02	-1.301909e-01	-2.300209e-01	1.030047e+00	9.742979e-01	1.298197e-01
1.333046e-01	1.297292e-01	1.134612e+01	-1.355840e+02	-1.359398e-01	-2.349797e-01	1.031301e+00	9.731783e-01	1.349011e-01
1.384809e-01	1.346046e-01	1.071515e+01	-1.235129e+02	-1.419532e-01	-2.399925e-01	1.032605e+00	9.720086e-01	1.402093e-01
1.438861e-01	1.396826e-01	1.011661e+01	-1.124662e+02	-1.482442e-01	-2.450527e-01	1.033959e+00	9.707864e-01	1.457572e-01
1.495332e-01	1.449739e-01	9.548843e+00	-1.023578e+02	-1.548266e-01	-2.501525e-01	1.035366e+00	9.695092e-01	1.515587e-01
1.554364e-01	1.504895e-01	9.010331e+00	-9.310887e+01	-1.617145e-01	-2.552823e-01	1.036825e+00	9.681745e-01	1.576286e-01
1.616103e-01	1.562416e-01	8.499631e+00	-8.464745e+01	-1.689227e-01	-2.604308e-01	1.038338e+00	9.667798e-01	1.639826e-01
1.680708e-01	1.622425e-01	8.015402e+00	-7.690793e+01	-1.764660e-01	-2.655842e-01	1.039905e+00	9.653223e-01	1.706374e-01
1.748344e-01	1.685053e-01	7.556392e+00	-6.983035e+01	-1.843593e-01	-2.707260e-01	1.041527e+00	9.637996e-01	1.776105e-01
1.819184e-01	1.750435e-01	7.121447e+00	-6.336007e+01	-1.926173e-01	-2.758365e-01	1.043202e+00	9.622091e-01	1.849199e-01
1.893400e-01	1.818703e-01	6.709533e+00	-5.744776e+01	-2.012530e-01	-2.808919e-01	1.044930e+00	9.605487e-01	1.925838e-01
1.971159e-01	1.889980e-01	6.319734e+00	-5.204873e+01	-2.102773e-01	-2.858639e-01	1.046707e+00	9.588166e-01	2.006192e-01
2.052613e-01	1.964375e-01	5.951249e+00	-4.712269e+01	-2.196974e-01	-2.907186e-01	1.048530e+00	9.570119e-01	2.090419e-01
2.137888e-01	2.041971e-01	5.603407e+00	-4.263337e+01	-2.295154e-01	-2.954165e-01	1.050393e+00	9.551345e-01	2.178643e-01
2.227064e-01	2.122807e-01	5.275660e+00	-3.854820e+01	-2.397255e-01	-2.999116e-01	1.052288e+00	9.531861e-01	2.270940e-01
2.320158e-01	2.206865e-01	4.967577e+00	-3.483788e+01	-2.503123e-01	-3.041522e-01	1.054204e+00	9.511700e-01	2.367314e-01
2.417104e-01	2.294054e-01	4.678815e+00	-3.147577e+01	-2.612485e-01	-3.080819e-01	1.056128e+00	9.490919e-01	2.467680e-01
2.517744e-01	2.384202e-01	4.409069e+00	-2.843722e+01	-2.724939e-01	-3.116416e-01	1.058044e+00	9.469597e-01	2.571848e-01
2.621827e-01	2.477059e-01	4.158003e+00	-2.569872e+01	-2.839966e-01	-3.147735e-01	1.059934e+00	9.447836e-01	2.679528e-01
2.729035e-01	2.572322e-01	3.925173e+00	-2.323717e+01	-2.956960e-01	-3.174247e-01	1.061779e+00	9.425756e-01	2.790352e-01
2.839017e-01	2.669663e-01	3.709955e+00	-2.102938e+01	-3.075279e-01	-3.195517e-01	1.063560e+00	9.403477e-01	2.903911e-01
2.951440e-01	2.768781e-01	3.511523e+00	-1.905201e+01	-3.194305e-01	-3.211227e-01	1.065262e+00	9.381118e-01	3.019810e-01
3.066028e-01	2.869429e-01	3.328863e+00	-1.728187e+01	-3.313493e-01	-3.221189e-01	1.066871e+00	9.358783e-01	3.137705e-01
3.182589e-01	2.971441e-01	3.160818e+00	-1.569650e+01	-3.432398e-01	-3.225340e-01	1.068377e+00	9.336553e-01	3.257334e-01
3.301028e-01	3.074740e-01	3.006165e+00	-1.427475e+01	-3.550689e-01	-3.223729e-01	1.069773e+00	9.314491e-01	3.378530e-01
3.421343e-01	3.179331e-01	2.863677e+00	-1.299725e+01	-3.668129e-01	-3.216492e-01	1.071055e+00	9.292638e-01	3.501212e-01
3.543609e-01	3.285288e-01	2.732176e+00	-1.184665e+01	-3.784568e-01	-3.203839e-01	1.072223e+00	9.271023e-01	3.625374e-01
3.667960e-01	3.392739e-01	2.610572e+00	-1.080770e+01	-3.899911e-01	-3.186037e-01	1.073278e+00	9.249661e-01	3.751062e-01
3.794574e-01	3.501845e-01	2.497881e+00	-9.867163e+00	-4.014099e-01	-3.163398e-01	1.074223e+00	9.228561e-01	3.878352e-01
3.923648e-01	3.612789e-01	2.393235e+00	-9.013668e+00	-4.127087e-01	-3.136271e-01	1.075062e+00	9.207730e-01	4.007327e-01
4.055385e-01	3.725753e-01	2.295879e+00	-8.237471e+00	-4.238830e-01	-3.105033e-01	1.075802e+00	9.187175e-01	4.138064e-01
4.189983e-01	3.840917e-01	2.205161e+00	-7.530236e+00	-4.349274e-01	-3.070084e-01	1.076449e+00	9.166904e-01	4.270619e-01
4.327626e-01	3.958448e-01	2.120521e+00	-6.884794e+00	-4.458352e-01	-3.031836e-01	1.077011e+00	9.146928e-01	4.405022e-01
4.468484e-01	4.078501e-01	2.041473e+00	-6.294936e+00	-4.565987e-01	-2.990699e-01	1.077494e+00	9.127258e-01	4.541273e-01
4.612723e-01	4.201226e-01	1.967591e+00	-5.755233e+00	-4.672096e-01	-2.947075e-01	1.077908e+00	9.107909e-01	4.679345e-01
4.760503e-01	4.326770e-01	1.898498e+00	-5.260892e+00	-4.776600e-01	-2.901343e-01	1.078260e+00	9.088893e-01	4.819194e-01
4.911992e-01	4.455285e-01	1.833853e+00	-4.807658e+00	-4.879424e-01	-2.853846e-01	1.078558e+00	9.070221e-01	4.960764e-01
5.067371e-01	4.586935e-01	1.773348e+00	-4.391737e+00	-4.980505e-01	-2.804893e-01	1.078808e+00	9.051903e-01	5.103993e-01
5.226833e-01	4.721894e-01	1.716703e+00	-4.009745e+00	-5.079786e-01	-2.754750e-01	1.079018e+00	9.033947e-01	5.248809e-01
5.390589e-01	4.860349e-01	1.663661e+00	-3.658670e+00	-5.177221e-01	-2.703644e-01	1.079192e+00	9.016360e-01	5.395138e-01
5.558858e-01	5.002498e-01	1.613990e+00	-3.335832e+00	-5.272765e-01	-2.651766e-01	1.079338e+00	8.999147e-01	5.542891e-01
5.731873e-01	5.148548e-01	1.567479e+00	-3.038854e+00	-5.366375e-01	-2.599273e-01	1.079459e+00	8.982315e-01	5.691964e-01
5.909868e-01	5.298709e-01	1.523936e+00	-2.765626e+00	-5.458008e-01	-2.546300e-01	1.079558e+00	8.965868e-01	5.842239e-01
6.093079e-01	5.453193e-01	1.483190e+00	-2.514275e+00	-5.547616e-01	-2.492957e-01	1.079640e+00	8.949814e-01	5.993574e-01
6.281739e-01	5.612207e-01	1.445082e+00	-2.283129e+00	-5.635145e-01	-2.439340e-01	1.079708e+00	8.934161e-01	6.145801e-01
6.476072e-01	5.775954e-01	1.409469e+00	-2.070695e+00	-5.720539e-01	-2.385535e-01	1.079763e+00	8.918915e-01	6.298727e-01
6.676292e-01	5.944628e-01	1.376218e+00	-1.875624e+00	-5.803737e-01	-2.331616e-01	1.079809e+00	8.904087e-01	6.452130e-01
6.882600e-01	6.118414e-01	1.345207e+00	-1.696691e+00	-5.884673e-01	-2.277656e-01	1.079846e+00	8.889685e-01	6.605768e-01
7.095182e-01	6.297484e-01	1.316321e+00	-1.532772e+00	-5.963285e-01	-2.223723e-01	1.079876e+00	8.875719e-01	6.759376e-01
7.314212e-01	6.482000e-01	1.289450e+00	-1.382824e+00	-6.039510e-01	-2.169883e-01	1.079900e+00	8.862199e-01	6.912669e-01
7.539854e-01	6.672116e-01	1.264489e+00	-1.245875e+00	-6.113291e-01	-2.116200e-01	1.079920e+00	8.849131e-01	7.065353e-01
7.772264e-01	6.867979e-01	1.241334e+00	-1.121007e+00	-6.184580e-01	-2.062736e-01	1.079936e+00	8.836523e-01	7.217132e-01
8.011597e-01	7.069737e-01	1.219888e+00	-1.007348e+00	-6.253340e-01	-2.009553e-01	1.079949e+00	8.824380e-01	7.367713e-01
8.258013e-01	7.277541e-01	1.200050e+00	-9.040701e-01	-6.319544e-01	-1.956706e-01	1.079959e+00	8.812703e-01	7.516813e-01
8.511685e-01	7.491554e-01	1.181726e+00	-8.103830e-01	-6.383183e-01	-1.904248e-01	1.079968e+00	8.801494e-01	7.664163e-01
8.772807e-01	7.711954e-01	1.164820e+00	-7.255361e-01	-6.444258e-01	-1.852227e-01	1.079974e+00	8.790749e-01	7.809519e-01
9.041597e-01	7.938943e-01	1.149241e+00	-6.488063e-01	-6.502788e-01	-1.800686e-01	1.079980e+00	8.780465e-01	7.952664e-01
9.318309e-01	8.172748e-01	1.134899e+00	-5.795394e-01	-6.558804e-01	-1.749660e-01	1.079984e+00	8.770633e-01	8.093409e-01
9.603234e-01	8.413629e-01	1.121708e+00	-5.170353e-01	-6.612347e-01	-1.699188e-01	1.079987e+00	8.761246e-01	8.231590e-01
9.896703e-01	8.661884e-01	1.109587e+00	-4.608402e-01	-6.663471e-01	-1.649263e-01	1.079990e+00	8.752293e-01	8.367072e-01
1.000000e+00	8.749302e-01	1.105637e+00	-4.429502e-01	-6.680558e-01	-1.632230e-01	1.079991e+00	8.749302e-01	8.413167e-01
